0	0	100	239.999980000000
0	0	95	239.999980000000
0	0	90	328.467220000000
0	0	85	1250
0	0	80	1250.00010000000
0	0	75	1250
0	0	70	1250
0	10	100	239.999980000000
0	10	95	239.999980000000
0	10	90	328.467220000000
0	10	85	1250
0	10	80	1250.00010000000
0	10	75	1250
0	10	70	1250
0	20	100	239.999980000000
0	20	95	239.999980000000
0	20	90	328.467160000000
0	20	85	1250.00010000000
0	20	80	1250
0	20	75	1250
0	20	70	1250.00010000000
0	30	100	239.999980000000
0	30	95	239.999980000000
0	30	90	328.467160000000
0	30	85	1250.00010000000
0	30	80	1250
0	30	75	1250.00010000000
0	30	70	1250.00010000000
0	40	100	239.999980000000
0	40	95	239.999980000000
0	40	90	328.467190000000
0	40	85	1250.00010000000
0	40	80	1250.00010000000
0	40	75	1250.00010000000
0	40	70	1250.00010000000
0	50	100	239.999980000000
0	50	95	239.999980000000
0	50	90	328.467100000000
0	50	85	1249.99900000000
0	50	80	1249.99710000000
0	50	75	1249.99740000000
0	50	70	1250
0	60	100	239.999980000000
0	60	95	239.999980000000
0	60	90	328.467040000000
0	60	85	1249.99410000000
0	60	80	1249.98180000000
0	60	75	1249.98380000000
0	60	70	1249.99980000000
0	70	100	239.884120000000
0	70	95	239.884120000000
0	70	90	328.179470000000
0	70	85	1243.81030000000
0	70	80	1247.47500000000
0	70	75	1249.54320000000
0	70	70	1249.99940000000
0	80	100	239.691240000000
0	80	95	239.691240000000
0	80	90	327.701420000000
0	80	85	1233.64250000000
0	80	80	1243.32930000000
0	80	75	1248.81910000000
0	80	70	1249.99890000000
0	90	100	236.155640000000
0	90	95	236.155640000000
0	90	90	321.399440000000
0	90	85	1155.81450000000
0	90	80	1213.84000000000
0	90	75	1246.72490000000
0	90	70	1249.99960000000
0	100	100	234.884780000000
0	100	95	234.884780000000
0	100	90	319.048310000000
0	100	85	1132.06050000000
0	100	80	1204.48740000000
0	100	75	1245.86500000000
0	100	70	1250.00010000000
0	110	100	237.572220000000
0	110	95	237.572220000000
0	110	90	323.706480000000
0	110	85	1182.53860000000
0	110	80	1223.98120000000
0	110	75	1246.84920000000
0	110	70	1250.00010000000
0	120	100	239.109440000000
0	120	95	239.109440000000
0	120	90	326.687990000000
0	120	85	1221.44350000000
0	120	80	1238.87790000000
0	120	75	1248.52140000000
0	120	70	1250.00010000000
0	130	100	239.999980000000
0	130	95	239.999980000000
0	130	90	328.467100000000
0	130	85	1249.99980000000
0	130	80	1249.99980000000
0	130	75	1250
0	130	70	1250
0	140	100	239.999980000000
0	140	95	239.999980000000
0	140	90	328.467160000000
0	140	85	1250
0	140	80	1250
0	140	75	1250.00010000000
0	140	70	1250.00010000000
0	150	100	239.999980000000
0	150	95	239.999980000000
0	150	90	328.467220000000
0	150	85	1250.00010000000
0	150	80	1250.00010000000
0	150	75	1250.00010000000
0	150	70	1250.00010000000
0	160	100	239.999980000000
0	160	95	239.999980000000
0	160	90	328.467220000000
0	160	85	1250.00010000000
0	160	80	1250.00010000000
0	160	75	1250.00010000000
0	160	70	1250.00010000000
10	0	100	239.999980000000
10	0	95	239.999980000000
10	0	90	328.467220000000
10	0	85	1250
10	0	80	1250.00010000000
10	0	75	1250
10	0	70	1250
10	10	100	239.999980000000
10	10	95	239.999980000000
10	10	90	328.467220000000
10	10	85	1250
10	10	80	1250.00010000000
10	10	75	1250
10	10	70	1250
10	20	100	239.999980000000
10	20	95	239.999980000000
10	20	90	328.467160000000
10	20	85	1250.00010000000
10	20	80	1250
10	20	75	1250
10	20	70	1250.00010000000
10	30	100	239.999980000000
10	30	95	239.999980000000
10	30	90	328.467160000000
10	30	85	1250.00010000000
10	30	80	1250
10	30	75	1250.00010000000
10	30	70	1250.00010000000
10	40	100	239.999980000000
10	40	95	239.999980000000
10	40	90	328.467190000000
10	40	85	1250.00010000000
10	40	80	1250.00010000000
10	40	75	1250.00010000000
10	40	70	1250.00010000000
10	50	100	239.999980000000
10	50	95	239.999980000000
10	50	90	328.467100000000
10	50	85	1249.99900000000
10	50	80	1249.99710000000
10	50	75	1249.99740000000
10	50	70	1250
10	60	100	239.999980000000
10	60	95	239.999980000000
10	60	90	328.467040000000
10	60	85	1249.99410000000
10	60	80	1249.98180000000
10	60	75	1249.98380000000
10	60	70	1249.99980000000
10	70	100	239.884120000000
10	70	95	239.884120000000
10	70	90	328.179470000000
10	70	85	1243.81030000000
10	70	80	1247.47500000000
10	70	75	1249.54320000000
10	70	70	1249.99940000000
10	80	100	239.691240000000
10	80	95	239.691240000000
10	80	90	327.701420000000
10	80	85	1233.64250000000
10	80	80	1243.32930000000
10	80	75	1248.81910000000
10	80	70	1249.99890000000
10	90	100	236.155640000000
10	90	95	236.155640000000
10	90	90	321.399440000000
10	90	85	1155.81450000000
10	90	80	1213.84000000000
10	90	75	1246.72490000000
10	90	70	1249.99960000000
10	100	100	234.884780000000
10	100	95	234.884780000000
10	100	90	319.048310000000
10	100	85	1132.06050000000
10	100	80	1204.48740000000
10	100	75	1245.86500000000
10	100	70	1250.00010000000
10	110	100	237.572220000000
10	110	95	237.572220000000
10	110	90	323.706480000000
10	110	85	1182.53860000000
10	110	80	1223.98120000000
10	110	75	1246.84920000000
10	110	70	1250.00010000000
10	120	100	239.109440000000
10	120	95	239.109440000000
10	120	90	326.687990000000
10	120	85	1221.44350000000
10	120	80	1238.87790000000
10	120	75	1248.52140000000
10	120	70	1250.00010000000
10	130	100	239.999980000000
10	130	95	239.999980000000
10	130	90	328.467100000000
10	130	85	1249.99980000000
10	130	80	1249.99980000000
10	130	75	1250
10	130	70	1250
10	140	100	239.999980000000
10	140	95	239.999980000000
10	140	90	328.467160000000
10	140	85	1250
10	140	80	1250
10	140	75	1250.00010000000
10	140	70	1250.00010000000
10	150	100	239.999980000000
10	150	95	239.999980000000
10	150	90	328.467220000000
10	150	85	1250.00010000000
10	150	80	1250.00010000000
10	150	75	1250.00010000000
10	150	70	1250.00010000000
10	160	100	239.999980000000
10	160	95	239.999980000000
10	160	90	328.467220000000
10	160	85	1250.00010000000
10	160	80	1250.00010000000
10	160	75	1250.00010000000
10	160	70	1250.00010000000
20	0	100	239.999980000000
20	0	95	239.999980000000
20	0	90	328.467130000000
20	0	85	1250.00010000000
20	0	80	1250
20	0	75	1250.00010000000
20	0	70	1250.00010000000
20	10	100	239.999980000000
20	10	95	239.999980000000
20	10	90	328.467130000000
20	10	85	1250.00010000000
20	10	80	1250
20	10	75	1250.00010000000
20	10	70	1250.00010000000
20	20	100	239.999980000000
20	20	95	239.999980000000
20	20	90	328.467160000000
20	20	85	1250
20	20	80	1249.99850000000
20	20	75	1249.99840000000
20	20	70	1249.99910000000
20	30	100	239.999980000000
20	30	95	239.999980000000
20	30	90	328.467160000000
20	30	85	1249.99960000000
20	30	80	1249.99520000000
20	30	75	1249.99430000000
20	30	70	1249.99670000000
20	40	100	239.867110000000
20	40	95	239.867110000000
20	40	90	328.210270000000
20	40	85	1246.05620000000
20	40	80	1248.10020000000
20	40	75	1249.37160000000
20	40	70	1249.86580000000
20	50	100	239.638920000000
20	50	95	239.638920000000
20	50	90	327.656980000000
20	50	85	1234.52560000000
20	50	80	1242.52040000000
20	50	75	1247.59460000000
20	50	70	1249.67530000000
20	60	100	239.162860000000
20	60	95	239.162860000000
20	60	90	326.180910000000
20	60	85	1197.82300000000
20	60	80	1224.32350000000
20	60	75	1241.77950000000
20	60	70	1249.37570000000
20	70	100	237.953740000000
20	70	95	237.953740000000
20	70	90	323.986420000000
20	70	85	1168.96640000000
20	70	80	1201.79490000000
20	70	75	1231.08350000000
20	70	70	1249.08970000000
20	80	100	236.671260000000
20	80	95	236.671260000000
20	80	90	321.799710000000
20	80	85	1132.53930000000
20	80	80	1165.45200000000
20	80	75	1218.63870000000
20	80	70	1248.88010000000
20	90	100	233.606050000000
20	90	95	233.606050000000
20	90	90	313.547550000000
20	90	85	1053.29430000000
20	90	80	1162.70080000000
20	90	75	1224.83830000000
20	90	70	1249.70970000000
20	100	100	231.272030000000
20	100	95	231.272030000000
20	100	90	306.002690000000
20	100	85	1015.24100000000
20	100	80	1162.34830000000
20	100	75	1231.82730000000
20	100	70	1250.14110000000
20	110	100	235.796300000000
20	110	95	235.796300000000
20	110	90	318.177150000000
20	110	85	1075.45290000000
20	110	80	1170.82840000000
20	110	75	1233.44300000000
20	110	70	1250.02530000000
20	120	100	238.672160000000
20	120	95	238.672160000000
20	120	90	325.370090000000
20	120	85	1188.92440000000
20	120	80	1221.66460000000
20	120	75	1242.71670000000
20	120	70	1250.00270000000
20	130	100	240.039540000000
20	130	95	240.039540000000
20	130	90	328.465000000000
20	130	85	1247.76370000000
20	130	80	1248.97350000000
20	130	75	1249.71950000000
20	130	70	1250.00020000000
20	140	100	240.011280000000
20	140	95	240.011280000000
20	140	90	328.466550000000
20	140	85	1249.36040000000
20	140	80	1249.70650000000
20	140	75	1249.92000000000
20	140	70	1250.00010000000
20	150	100	239.999980000000
20	150	95	239.999980000000
20	150	90	328.467130000000
20	150	85	1250.00010000000
20	150	80	1250.00020000000
20	150	75	1250.00020000000
20	150	70	1250.00010000000
20	160	100	239.999980000000
20	160	95	239.999980000000
20	160	90	328.467130000000
20	160	85	1250.00010000000
20	160	80	1250.00020000000
20	160	75	1250.00020000000
20	160	70	1250.00010000000
30	0	100	239.999980000000
30	0	95	239.999980000000
30	0	90	328.467160000000
30	0	85	1250.00010000000
30	0	80	1250.00010000000
30	0	75	1250.00010000000
30	0	70	1250.00010000000
30	10	100	239.999980000000
30	10	95	239.999980000000
30	10	90	328.467160000000
30	10	85	1250.00010000000
30	10	80	1250.00010000000
30	10	75	1250.00010000000
30	10	70	1250.00010000000
30	20	100	239.999980000000
30	20	95	239.999980000000
30	20	90	328.467160000000
30	20	85	1249.99960000000
30	20	80	1249.99520000000
30	20	75	1249.99430000000
30	20	70	1249.99670000000
30	30	100	239.999950000000
30	30	95	239.999950000000
30	30	90	328.467100000000
30	30	85	1249.99870000000
30	30	80	1249.98300000000
30	30	75	1249.97970000000
30	30	70	1249.98860000000
30	40	100	239.535520000000
30	40	95	239.535520000000
30	40	90	327.569760000000
30	40	85	1236.30290000000
30	40	80	1243.31150000000
30	40	75	1247.76530000000
30	40	70	1249.52770000000
30	50	100	238.741000000000
30	50	95	238.741000000000
30	50	90	325.648930000000
30	50	85	1196.56900000000
30	50	80	1214.75180000000
30	50	75	1235.86250000000
30	50	70	1246.61660000000
30	60	100	237.163860000000
30	60	95	237.163860000000
30	60	90	320.655980000000
30	60	85	1063.05770000000
30	60	80	1107.49020000000
30	60	75	1186.08520000000
30	60	70	1234.35830000000
30	70	100	236.154540000000
30	70	95	236.154540000000
30	70	90	317.962860000000
30	70	85	943.918460000000
30	70	80	993.165220000000
30	70	75	1133.38320000000
30	70	70	1231.87130000000
30	80	100	238.655140000000
30	80	95	238.655140000000
30	80	90	313.115300000000
30	80	85	903.594790000000
30	80	80	956.497380000000
30	80	75	1111.72900000000
30	80	70	1241.09530000000
30	90	100	227.184450000000
30	90	95	227.184450000000
30	90	90	281.174900000000
30	90	85	825.060610000000
30	90	80	953.988400000000
30	90	75	1186.41740000000
30	90	70	1264.58200000000
30	100	100	230.042590000000
30	100	95	230.042590000000
30	100	90	289.249630000000
30	100	85	834.857060000000
30	100	80	950.491580000000
30	100	75	1168.97860000000
30	100	70	1258.00560000000
30	110	100	229.494290000000
30	110	95	229.494290000000
30	110	90	302.925630000000
30	110	85	886.835140000000
30	110	80	1028.17480000000
30	110	75	1191.67300000000
30	110	70	1249.87560000000
30	120	100	236.377620000000
30	120	95	236.377620000000
30	120	90	319.968020000000
30	120	85	1085.65470000000
30	120	80	1165.53830000000
30	120	75	1231.92110000000
30	120	70	1250.01600000000
30	130	100	240.138520000000
30	130	95	240.138520000000
30	130	90	328.459560000000
30	130	85	1242.20640000000
30	130	80	1246.41380000000
30	130	75	1249.01940000000
30	130	70	1250.00060000000
30	140	100	240.039550000000
30	140	95	240.039550000000
30	140	90	328.465030000000
30	140	85	1247.76390000000
30	140	80	1248.97360000000
30	140	75	1249.71960000000
30	140	70	1250.00020000000
30	150	100	239.999950000000
30	150	95	239.999950000000
30	150	90	328.467160000000
30	150	85	1250.00010000000
30	150	80	1250
30	150	75	1250.00010000000
30	150	70	1250.00010000000
30	160	100	239.999950000000
30	160	95	239.999950000000
30	160	90	328.467160000000
30	160	85	1250.00010000000
30	160	80	1250
30	160	75	1250.00010000000
30	160	70	1250.00010000000
40	0	100	239.988160000000
40	0	95	239.988160000000
40	0	90	328.414120000000
40	0	85	1248.33910000000
40	0	80	1248.96260000000
40	0	75	1249.51590000000
40	0	70	1249.99820000000
40	10	100	239.988160000000
40	10	95	239.988160000000
40	10	90	328.414120000000
40	10	85	1248.33910000000
40	10	80	1248.96260000000
40	10	75	1249.51590000000
40	10	70	1249.99820000000
40	20	100	239.574390000000
40	20	95	239.574390000000
40	20	90	327.233550000000
40	20	85	1220.06930000000
40	20	80	1234.95850000000
40	20	75	1244.93540000000
40	20	70	1249.75330000000
40	30	100	238.546190000000
40	30	95	238.546190000000
40	30	90	324.319090000000
40	30	85	1153.94010000000
40	30	80	1199.18090000000
40	30	75	1231.39560000000
40	30	70	1248.71260000000
40	40	100	232.602570000000
40	40	95	232.602570000000
40	40	90	315.596410000000
40	40	85	1081.41270000000
40	40	80	1099.50440000000
40	40	75	1164.49840000000
40	40	70	1227.70940000000
40	50	100	224.650510000000
40	50	95	224.650510000000
40	50	90	300.067600000000
40	50	85	903.327880000000
40	50	80	951.807560000000
40	50	75	1079.65040000000
40	50	70	1184.42540000000
40	60	100	224.784470000000
40	60	95	224.784470000000
40	60	90	294.487880000000
40	60	85	774.315060000000
40	60	80	865.146180000000
40	60	75	1047.23430000000
40	60	70	1174.96810000000
40	70	100	221.409090000000
40	70	95	221.409090000000
40	70	90	290.013210000000
40	70	85	784.548100000000
40	70	80	872.414490000000
40	70	75	1020.51460000000
40	70	70	1155.29250000000
40	80	100	221.546310000000
40	80	95	221.546310000000
40	80	90	279.900820000000
40	80	85	757.500310000000
40	80	80	861.975830000000
40	80	75	995.355590000000
40	80	70	1189.53650000000
40	90	100	222.170960000000
40	90	95	222.170960000000
40	90	90	276.010040000000
40	90	85	749.155460000000
40	90	80	885.484990000000
40	90	75	1054.92850000000
40	90	70	1299.49170000000
40	100	100	228.415660000000
40	100	95	228.415660000000
40	100	90	295.442470000000
40	100	85	822.895510000000
40	100	80	905.559020000000
40	100	75	1078.24740000000
40	100	70	1247.10600000000
40	110	100	233.316560000000
40	110	95	233.316560000000
40	110	90	309.350650000000
40	110	85	852.076420000000
40	110	80	907.576600000000
40	110	75	1179.07840000000
40	110	70	1250.50850000000
40	120	100	241.196230000000
40	120	95	241.196230000000
40	120	90	328.567810000000
40	120	85	1021.49470000000
40	120	80	1076.36650000000
40	120	75	1224.80350000000
40	120	70	1250.85490000000
40	130	100	239.202470000000
40	130	95	239.202470000000
40	130	90	325.051910000000
40	130	85	1147.85000000000
40	130	80	1201.37950000000
40	130	75	1237.83800000000
40	130	70	1250.02330000000
40	140	100	239.770310000000
40	140	95	239.770310000000
40	140	90	327.483030000000
40	140	85	1220.30940000000
40	140	80	1236.44450000000
40	140	75	1246.44540000000
40	140	70	1250.00540000000
40	150	100	239.997850000000
40	150	95	239.997850000000
40	150	90	328.463560000000
40	150	85	1249.96040000000
40	150	80	1249.98360000000
40	150	75	1249.99690000000
40	150	70	1250.00010000000
40	160	100	239.997850000000
40	160	95	239.997850000000
40	160	90	328.463560000000
40	160	85	1249.96040000000
40	160	80	1249.98360000000
40	160	75	1249.99690000000
40	160	70	1250.00010000000
50	0	100	240.928250000000
50	0	95	240.928250000000
50	0	90	329.473790000000
50	0	85	1243.46730000000
50	0	80	1246.78520000000
50	0	75	1248.97230000000
50	0	70	1250.01560000000
50	10	100	240.928250000000
50	10	95	240.928250000000
50	10	90	329.473790000000
50	10	85	1243.46730000000
50	10	80	1246.78520000000
50	10	75	1248.97230000000
50	10	70	1250.01560000000
50	20	100	239.502780000000
50	20	95	239.502780000000
50	20	90	326.277470000000
50	20	85	1179.44560000000
50	20	80	1199.11550000000
50	20	75	1229.66050000000
50	20	70	1249.50370000000
50	30	100	235.593720000000
50	30	95	235.593720000000
50	30	90	316.776860000000
50	30	85	993.160030000000
50	30	80	1024.28560000000
50	30	75	1127.96260000000
50	30	70	1231.58140000000
50	40	100	225.803860000000
50	40	95	225.803860000000
50	40	90	294.763280000000
50	40	85	785.547730000000
50	40	80	847.585140000000
50	40	75	1017.43530000000
50	40	70	1173.28040000000
50	50	100	215.390950000000
50	50	95	215.390950000000
50	50	90	263.931060000000
50	50	85	725.644290000000
50	50	80	774.138980000000
50	50	75	931.254210000000
50	50	70	1179.54630000000
50	60	100	221.872130000000
50	60	95	221.872130000000
50	60	90	271.973020000000
50	60	85	700.356930000000
50	60	80	776.626400000000
50	60	75	938.556880000000
50	60	70	1124.90330000000
50	70	100	216.790180000000
50	70	95	216.790180000000
50	70	90	267.784550000000
50	70	85	768.260440000000
50	70	80	847.525150000000
50	70	75	985.920100000000
50	70	70	1115.21300000000
50	80	100	207.166240000000
50	80	95	207.166240000000
50	80	90	258.604890000000
50	80	85	721.826110000000
50	80	80	864.383000000000
50	80	75	1019.56990000000
50	80	70	1182.42590000000
50	90	100	218.536680000000
50	90	95	218.536680000000
50	90	90	278.044620000000
50	90	85	747.620360000000
50	90	80	874.856260000000
50	90	75	1158.65770000000
50	90	70	1292.50540000000
50	100	100	239.127110000000
50	100	95	239.127110000000
50	100	90	312.818850000000
50	100	85	935.504940000000
50	100	80	876.417790000000
50	100	75	1170.66920000000
50	100	70	1280.44120000000
50	110	100	241.333710000000
50	110	95	241.333710000000
50	110	90	318.453370000000
50	110	85	963.263850000000
50	110	80	988.275510000000
50	110	75	1307.56650000000
50	110	70	1263.26030000000
50	120	100	231.033970000000
50	120	95	231.033970000000
50	120	90	305.445920000000
50	120	85	852.796260000000
50	120	80	1001.73520000000
50	120	75	1232.09970000000
50	120	70	1253.55870000000
50	130	100	238.818710000000
50	130	95	238.818710000000
50	130	90	322.734440000000
50	130	85	1035.68420000000
50	130	80	1137.26480000000
50	130	75	1232.65100000000
50	130	70	1250.20310000000
50	140	100	239.319380000000
50	140	95	239.319380000000
50	140	90	326.203030000000
50	140	85	1190.90940000000
50	140	80	1223.90660000000
50	140	75	1244.06590000000
50	140	70	1250.03890000000
50	150	100	239.942900000000
50	150	95	239.942900000000
50	150	90	328.321380000000
50	150	85	1246.76930000000
50	150	80	1248.81410000000
50	150	75	1249.89280000000
50	150	70	1250
50	160	100	239.942900000000
50	160	95	239.942900000000
50	160	90	328.321380000000
50	160	85	1246.76930000000
50	160	80	1248.81410000000
50	160	75	1249.89280000000
50	160	70	1250
60	0	100	245.658360000000
60	0	95	245.658360000000
60	0	90	334.748080000000
60	0	85	1214.91910000000
60	0	80	1232.16690000000
60	0	75	1247.86220000000
60	0	70	1250.11300000000
60	10	100	245.658360000000
60	10	95	245.658360000000
60	10	90	334.748080000000
60	10	85	1214.91910000000
60	10	80	1232.16690000000
60	10	75	1247.86220000000
60	10	70	1250.11300000000
60	20	100	239.717320000000
60	20	95	239.717320000000
60	20	90	322.329410000000
60	20	85	978.901790000000
60	20	80	1025.02150000000
60	20	75	1180.89940000000
60	20	70	1248.71410000000
60	30	100	231.698000000000
60	30	95	231.698000000000
60	30	90	301.403870000000
60	30	85	779.706180000000
60	30	80	857.217470000000
60	30	75	1035.11850000000
60	30	70	1198.64090000000
60	40	100	237.787230000000
60	40	95	237.787230000000
60	40	90	301.609380000000
60	40	85	778.468750000000
60	40	80	815.479000000000
60	40	75	961.840330000000
60	40	70	1153.25820000000
60	50	100	232.572810000000
60	50	95	232.572810000000
60	50	90	293.848330000000
60	50	85	767.566280000000
60	50	80	814.891600000000
60	50	75	907.063960000000
60	50	70	1084.63350000000
60	60	100	218.410520000000
60	60	95	218.410520000000
60	60	90	275.044400000000
60	60	85	703.317440000000
60	60	80	776.964720000000
60	60	75	960.798520000000
60	60	70	1106.48440000000
60	70	100	207.741090000000
60	70	95	207.741090000000
60	70	90	252.215740000000
60	70	85	727.326290000000
60	70	80	849.333130000000
60	70	75	1141.31340000000
60	70	70	1229.49480000000
60	80	100	209.536960000000
60	80	95	209.536960000000
60	80	90	255.742480000000
60	80	85	779.960450000000
60	80	80	821.834960000000
60	80	75	1029.37940000000
60	80	70	1373.97890000000
60	90	100	219.124860000000
60	90	95	219.124860000000
60	90	90	271.061220000000
60	90	85	805.622380000000
60	90	80	962.306820000000
60	90	75	1211.11110000000
60	90	70	1540.07810000000
60	100	100	230.951980000000
60	100	95	230.951980000000
60	100	90	295.056760000000
60	100	85	1051.58470000000
60	100	80	893.364690000000
60	100	75	1550.70810000000
60	100	70	1551.15720000000
60	110	100	229.367320000000
60	110	95	229.367320000000
60	110	90	300.885830000000
60	110	85	932.479680000000
60	110	80	910.666810000000
60	110	75	1461.74540000000
60	110	70	1302.81960000000
60	120	100	225.944960000000
60	120	95	225.944960000000
60	120	90	300.937440000000
60	120	85	894.449830000000
60	120	80	1008.36250000000
60	120	75	1260.62230000000
60	120	70	1260.37670000000
60	130	100	235.541240000000
60	130	95	235.541240000000
60	130	90	316.316280000000
60	130	85	934.635860000000
60	130	80	1055.50620000000
60	130	75	1262.70350000000
60	130	70	1250.87630000000
60	140	100	238.366130000000
60	140	95	238.366130000000
60	140	90	324.419040000000
60	140	85	1168.05370000000
60	140	80	1219.00090000000
60	140	75	1248.30910000000
60	140	70	1250.18190000000
60	150	100	239.679110000000
60	150	95	239.679110000000
60	150	90	327.629880000000
60	150	85	1231.24680000000
60	150	80	1243.07920000000
60	150	75	1249.38730000000
60	150	70	1250.00010000000
60	160	100	239.679110000000
60	160	95	239.679110000000
60	160	90	327.629880000000
60	160	85	1231.24680000000
60	160	80	1243.07920000000
60	160	75	1249.38730000000
60	160	70	1250.00010000000
70	0	100	245.481460000000
70	0	95	245.481460000000
70	0	90	327.940090000000
70	0	85	1008.31010000000
70	0	80	1207.29600000000
70	0	75	1267.58840000000
70	0	70	1250.57070000000
70	10	100	245.481460000000
70	10	95	245.481460000000
70	10	90	327.940090000000
70	10	85	1008.31010000000
70	10	80	1207.29600000000
70	10	75	1267.58840000000
70	10	70	1250.57070000000
70	20	100	254.607770000000
70	20	95	254.607770000000
70	20	90	344.169220000000
70	20	85	965.450380000000
70	20	80	1011.09500000000
70	20	75	1143.40120000000
70	20	70	1242.59160000000
70	30	100	238.988400000000
70	30	95	238.988400000000
70	30	90	305.370940000000
70	30	85	725.072810000000
70	30	80	816.076350000000
70	30	75	991.126340000000
70	30	70	1190.32740000000
70	40	100	220.908840000000
70	40	95	220.908840000000
70	40	90	279.161830000000
70	40	85	747.178470000000
70	40	80	805.758970000000
70	40	75	979.414550000000
70	40	70	1139.36870000000
70	50	100	205.871060000000
70	50	95	205.871060000000
70	50	90	253.441480000000
70	50	85	800.053590000000
70	50	80	824.637080000000
70	50	75	1055.32870000000
70	50	70	1111.11150000000
70	60	100	210.209440000000
70	60	95	210.209440000000
70	60	90	264.447540000000
70	60	85	816.020810000000
70	60	80	789.737850000000
70	60	75	932.504580000000
70	60	70	1164.61010000000
70	70	100	212.231450000000
70	70	95	212.231450000000
70	70	90	264.085540000000
70	70	85	857.693730000000
70	70	80	908.324100000000
70	70	75	1023.64320000000
70	70	70	1620.30830000000
70	80	100	204.844390000000
70	80	95	204.844390000000
70	80	90	249.112260000000
70	80	85	794.354800000000
70	80	80	857.021000000000
70	80	75	1137.96800000000
70	80	70	1707.27560000000
70	90	100	218.814930000000
70	90	95	218.814930000000
70	90	90	273.686280000000
70	90	85	911.648560000000
70	90	80	906.106380000000
70	90	75	1188.59280000000
70	90	70	1679.69910000000
70	100	100	227.586440000000
70	100	95	227.586440000000
70	100	90	300.561740000000
70	100	85	1029.62430000000
70	100	80	945.925900000000
70	100	75	1686.91980000000
70	100	70	1622.87220000000
70	110	100	211.703580000000
70	110	95	211.703580000000
70	110	90	275.218020000000
70	110	85	896.195800000000
70	110	80	1030.63070000000
70	110	75	1704.10950000000
70	110	70	1391.11780000000
70	120	100	216.342180000000
70	120	95	216.342180000000
70	120	90	288.886260000000
70	120	85	942.042540000000
70	120	80	1289.24540000000
70	120	75	1653.23000000000
70	120	70	1284.89820000000
70	130	100	225.167720000000
70	130	95	225.167720000000
70	130	90	301.234770000000
70	130	85	912.109800000000
70	130	80	1185.99540000000
70	130	75	1399.88770000000
70	130	70	1253.39500000000
70	140	100	237.262590000000
70	140	95	237.262590000000
70	140	90	323.050690000000
70	140	85	1149.91780000000
70	140	80	1237.48290000000
70	140	75	1273.30040000000
70	140	70	1250.41780000000
70	150	100	241.222490000000
70	150	95	241.222490000000
70	150	90	330.695650000000
70	150	85	1280.92030000000
70	150	80	1268.62380000000
70	150	75	1258.34960000000
70	150	70	1250.00050000000
70	160	100	241.222490000000
70	160	95	241.222490000000
70	160	90	330.695650000000
70	160	85	1280.92030000000
70	160	80	1268.62380000000
70	160	75	1258.34960000000
70	160	70	1250.00050000000
80	0	100	224.207150000000
80	0	95	224.207150000000
80	0	90	283.295260000000
80	0	85	781.561520000000
80	0	80	1196.22950000000
80	0	75	1343.06310000000
80	0	70	1251.31180000000
80	10	100	224.207150000000
80	10	95	224.207150000000
80	10	90	283.295260000000
80	10	85	781.561520000000
80	10	80	1196.22950000000
80	10	75	1343.06310000000
80	10	70	1251.31180000000
80	20	100	245.757200000000
80	20	95	245.757200000000
80	20	90	325.585450000000
80	20	85	822.428160000000
80	20	80	1029.03960000000
80	20	75	1352.08140000000
80	20	70	1287.53600000000
80	30	100	238.066790000000
80	30	95	238.066790000000
80	30	90	310.332580000000
80	30	85	759.069400000000
80	30	80	973.444640000000
80	30	75	1247.99650000000
80	30	70	1387.11220000000
80	40	100	215.022580000000
80	40	95	215.022580000000
80	40	90	273.289860000000
80	40	85	719.270140000000
80	40	80	819.636230000000
80	40	75	1044.76100000000
80	40	70	1491.38100000000
80	50	100	213.489460000000
80	50	95	213.489460000000
80	50	90	275.075620000000
80	50	85	883.697330000000
80	50	80	859.756840000000
80	50	75	1007.03690000000
80	50	70	1609.02690000000
80	60	100	210.959290000000
80	60	95	210.959290000000
80	60	90	271.080320000000
80	60	85	923.239500000000
80	60	80	839.427060000000
80	60	75	949.500850000000
80	60	70	1528.39390000000
80	70	100	207.440400000000
80	70	95	207.440400000000
80	70	90	265.356510000000
80	70	85	906.992130000000
80	70	80	938.185790000000
80	70	75	1054.98380000000
80	70	70	1596.99560000000
80	80	100	193.087110000000
80	80	95	193.087110000000
80	80	90	247.735920000000
80	80	85	842.976140000000
80	80	80	928.510500000000
80	80	75	1355.39400000000
80	80	70	1740.46980000000
80	90	100	207.692660000000
80	90	95	207.692660000000
80	90	90	268.417420000000
80	90	85	945.133480000000
80	90	80	972.106510000000
80	90	75	1451.00510000000
80	90	70	1717.72420000000
80	100	100	217.731410000000
80	100	95	217.731410000000
80	100	90	293.274080000000
80	100	85	1086.70780000000
80	100	80	995.582520000000
80	100	75	1782.21190000000
80	100	70	1653.74680000000
80	110	100	214.637680000000
80	110	95	214.637680000000
80	110	90	285.913790000000
80	110	85	974.385990000000
80	110	80	1145.05110000000
80	110	75	1743.62290000000
80	110	70	1390.65550000000
80	120	100	222.722560000000
80	120	95	222.722560000000
80	120	90	300.595920000000
80	120	85	1014.58660000000
80	120	80	1116.96840000000
80	120	75	1724.34360000000
80	120	70	1299.80090000000
80	130	100	226.215790000000
80	130	95	226.215790000000
80	130	90	303.270570000000
80	130	85	934.452580000000
80	130	80	1223.30800000000
80	130	75	1683.06420000000
80	130	70	1256.51890000000
80	140	100	237.381160000000
80	140	95	237.381160000000
80	140	90	325.852720000000
80	140	85	1110.76250000000
80	140	80	1328.43740000000
80	140	75	1329.25870000000
80	140	70	1250.71640000000
80	150	100	243.967560000000
80	150	95	243.967560000000
80	150	90	336.407590000000
80	150	85	1381.60720000000
80	150	80	1318.19370000000
80	150	75	1273.92570000000
80	150	70	1250.00090000000
80	160	100	243.967560000000
80	160	95	243.967560000000
80	160	90	336.407590000000
80	160	85	1381.60720000000
80	160	80	1318.19370000000
80	160	75	1273.92570000000
80	160	70	1250.00090000000
90	0	100	212.823040000000
90	0	95	212.823040000000
90	0	90	272.082950000000
90	0	85	802.905400000000
90	0	80	1125.75920000000
90	0	75	1306.35140000000
90	0	70	1252.03320000000
90	10	100	212.823040000000
90	10	95	212.823040000000
90	10	90	272.082950000000
90	10	85	802.905400000000
90	10	80	1125.75920000000
90	10	75	1306.35140000000
90	10	70	1252.03320000000
90	20	100	220.409040000000
90	20	95	220.409040000000
90	20	90	272.201420000000
90	20	85	710.892030000000
90	20	80	848.452030000000
90	20	75	1512.46140000000
90	20	70	1271.48490000000
90	30	100	233.897310000000
90	30	95	233.897310000000
90	30	90	301.632660000000
90	30	85	861.219970000000
90	30	80	1009.00890000000
90	30	75	1189.64040000000
90	30	70	1193.84900000000
90	40	100	233.644500000000
90	40	95	233.644500000000
90	40	90	315.296690000000
90	40	85	817.816410000000
90	40	80	902.696410000000
90	40	75	1189.03090000000
90	40	70	1478.65150000000
90	50	100	223.608050000000
90	50	95	223.608050000000
90	50	90	300.943790000000
90	50	85	1055.38990000000
90	50	80	997.636840000000
90	50	75	1173.30690000000
90	50	70	1665.18140000000
90	60	100	208.230390000000
90	60	95	208.230390000000
90	60	90	261.169010000000
90	60	85	884.546570000000
90	60	80	965.339840000000
90	60	75	1146.32260000000
90	60	70	1710.39480000000
90	70	100	212.230360000000
90	70	95	212.230360000000
90	70	90	269.508940000000
90	70	85	979.477420000000
90	70	80	925.006530000000
90	70	75	1339.17710000000
90	70	70	1664.06250000000
90	80	100	198.285510000000
90	80	95	198.285510000000
90	80	90	252.727620000000
90	80	85	1037.24780000000
90	80	80	972.423030000000
90	80	75	1335.47780000000
90	80	70	1735.88980000000
90	90	100	220.997060000000
90	90	95	220.997060000000
90	90	90	288.408200000000
90	90	85	1029.40120000000
90	90	80	1004.65250000000
90	90	75	1735.97600000000
90	90	70	1701.66810000000
90	100	100	226.711090000000
90	100	95	226.711090000000
90	100	90	302.686310000000
90	100	85	1019.21480000000
90	100	80	1071.18980000000
90	100	75	1733.89750000000
90	100	70	1515.52220000000
90	110	100	216.176560000000
90	110	95	216.176560000000
90	110	90	289.569670000000
90	110	85	956.224790000000
90	110	80	1216.31740000000
90	110	75	1636.80250000000
90	110	70	1324.72240000000
90	120	100	220.892910000000
90	120	95	220.892910000000
90	120	90	300.127660000000
90	120	85	970.575380000000
90	120	80	1052.03490000000
90	120	75	1605.17810000000
90	120	70	1272.43230000000
90	130	100	221.315050000000
90	130	95	221.315050000000
90	130	90	298.762330000000
90	130	85	1016.44130000000
90	130	80	1469.16540000000
90	130	75	1552.93270000000
90	130	70	1251.39920000000
90	140	100	243.204240000000
90	140	95	243.204240000000
90	140	90	337.544100000000
90	140	85	1359.47570000000
90	140	80	1553.05460000000
90	140	75	1336.92860000000
90	140	70	1250.45980000000
90	150	100	253.353550000000
90	150	95	253.353550000000
90	150	90	352.403440000000
90	150	85	1571.28060000000
90	150	80	1385.85390000000
90	150	75	1293.19400000000
90	150	70	1250.00040000000
90	160	100	253.353550000000
90	160	95	253.353550000000
90	160	90	352.403440000000
90	160	85	1571.28060000000
90	160	80	1385.85390000000
90	160	75	1293.19400000000
90	160	70	1250.00040000000
100	0	100	224.411450000000
100	0	95	224.411450000000
100	0	90	302.369080000000
100	0	85	1007.94870000000
100	0	80	1152.25000000000
100	0	75	1241.37670000000
100	0	70	1251.19740000000
100	10	100	224.411450000000
100	10	95	224.411450000000
100	10	90	302.369080000000
100	10	85	1007.94870000000
100	10	80	1152.25000000000
100	10	75	1241.37670000000
100	10	70	1251.19740000000
100	20	100	223.268810000000
100	20	95	223.268810000000
100	20	90	282.113340000000
100	20	85	830.200130000000
100	20	80	1133.10850000000
100	20	75	1531.82060000000
100	20	70	1270.34810000000
100	30	100	228.614230000000
100	30	95	228.614230000000
100	30	90	299.994140000000
100	30	85	877.817570000000
100	30	80	1093.76220000000
100	30	75	1591.19620000000
100	30	70	1307.36080000000
100	40	100	227.805390000000
100	40	95	227.805390000000
100	40	90	309.751980000000
100	40	85	817.758480000000
100	40	80	937.311950000000
100	40	75	1354.27050000000
100	40	70	1378.34070000000
100	50	100	221.953190000000
100	50	95	221.953190000000
100	50	90	305.280000000000
100	50	85	1024.12060000000
100	50	80	1154.35000000000
100	50	75	1164.01900000000
100	50	70	1499.62340000000
100	60	100	215.065900000000
100	60	95	215.065900000000
100	60	90	271.703460000000
100	60	85	969.757930000000
100	60	80	1146.27750000000
100	60	75	1312.59400000000
100	60	70	1680.00050000000
100	70	100	217.862180000000
100	70	95	217.862180000000
100	70	90	272.434570000000
100	70	85	1081.72050000000
100	70	80	971.485720000000
100	70	75	1412.29530000000
100	70	70	1703.42790000000
100	80	100	213.525710000000
100	80	95	213.525710000000
100	80	90	276.101780000000
100	80	85	1031.24430000000
100	80	80	994.585940000000
100	80	75	1462.35780000000
100	80	70	1707.91820000000
100	90	100	236.178910000000
100	90	95	236.178910000000
100	90	90	321.766080000000
100	90	85	1113.13200000000
100	90	80	1061.59850000000
100	90	75	1780.19590000000
100	90	70	1656.72790000000
100	100	100	224.464800000000
100	100	95	224.464800000000
100	100	90	299.566620000000
100	100	85	976.236450000000
100	100	80	1310.43680000000
100	100	75	1758.97440000000
100	100	70	1449.12810000000
100	110	100	218.115710000000
100	110	95	218.115710000000
100	110	90	293.435420000000
100	110	85	889.583920000000
100	110	80	1060.99680000000
100	110	75	1664.75600000000
100	110	70	1326.49120000000
100	120	100	220.232190000000
100	120	95	220.232190000000
100	120	90	290.134740000000
100	120	85	923.530520000000
100	120	80	1094.25950000000
100	120	75	1716.55900000000
100	120	70	1275.18950000000
100	130	100	235.413830000000
100	130	95	235.413830000000
100	130	90	319.188390000000
100	130	85	1111.78690000000
100	130	80	1373.83570000000
100	130	75	1607.35890000000
100	130	70	1251.23440000000
100	140	100	241.778930000000
100	140	95	241.778930000000
100	140	90	331.260680000000
100	140	85	1322.33420000000
100	140	80	1487.90050000000
100	140	75	1325.80920000000
100	140	70	1250.23520000000
100	150	100	253.583390000000
100	150	95	253.583390000000
100	150	90	352.005190000000
100	150	85	1560.44480000000
100	150	80	1375.18470000000
100	150	75	1291.84050000000
100	150	70	1250.00010000000
100	160	100	253.583390000000
100	160	95	253.583390000000
100	160	90	352.005190000000
100	160	85	1560.44480000000
100	160	80	1375.18470000000
100	160	75	1291.84050000000
100	160	70	1250.00010000000
110	0	100	236.975190000000
110	0	95	236.975190000000
110	0	90	322.359890000000
110	0	85	1152.75040000000
110	0	80	1214.86960000000
110	0	75	1249.14510000000
110	0	70	1250.46860000000
110	10	100	236.975190000000
110	10	95	236.975190000000
110	10	90	322.359890000000
110	10	85	1152.75040000000
110	10	80	1214.86960000000
110	10	75	1249.14510000000
110	10	70	1250.46860000000
110	20	100	232.774410000000
110	20	95	232.774410000000
110	20	90	311.688050000000
110	20	85	1035.85900000000
110	20	80	1175.11150000000
110	20	75	1312.84340000000
110	20	70	1253.06620000000
110	30	100	222.696060000000
110	30	95	222.696060000000
110	30	90	299.125980000000
110	30	85	1008.19640000000
110	30	80	1256.30830000000
110	30	75	1665.91270000000
110	30	70	1271.56630000000
110	40	100	213.160920000000
110	40	95	213.160920000000
110	40	90	284.878510000000
110	40	85	866.429750000000
110	40	80	1306.16920000000
110	40	75	1693.64840000000
110	40	70	1287.87300000000
110	50	100	227.413120000000
110	50	95	227.413120000000
110	50	90	329.525880000000
110	50	85	1195.40870000000
110	50	80	1150.33980000000
110	50	75	1639.14210000000
110	50	70	1340.94910000000
110	60	100	223.365330000000
110	60	95	223.365330000000
110	60	90	291.545230000000
110	60	85	1143.79520000000
110	60	80	1090.70500000000
110	60	75	1544.61500000000
110	60	70	1509.19650000000
110	70	100	219.221370000000
110	70	95	219.221370000000
110	70	90	284.657380000000
110	70	85	1125.15990000000
110	70	80	1011.47080000000
110	70	75	1758.09570000000
110	70	70	1608.62560000000
110	80	100	209.147220000000
110	80	95	209.147220000000
110	80	90	275.340270000000
110	80	85	841.520390000000
110	80	80	1050.99610000000
110	80	75	1736.87680000000
110	80	70	1588.73470000000
110	90	100	218.914510000000
110	90	95	218.914510000000
110	90	90	298.086240000000
110	90	85	928.324160000000
110	90	80	1068.78910000000
110	90	75	1583.10460000000
110	90	70	1449.33230000000
110	100	100	217.747710000000
110	100	95	217.747710000000
110	100	90	290.600220000000
110	100	85	864.945130000000
110	100	80	1062.93540000000
110	100	75	1678.09360000000
110	100	70	1348.31790000000
110	110	100	231.445270000000
110	110	95	231.445270000000
110	110	90	310.320500000000
110	110	85	1051.89560000000
110	110	80	1277.45370000000
110	110	75	1672.84180000000
110	110	70	1285.77490000000
110	120	100	246.038020000000
110	120	95	246.038020000000
110	120	90	338.593480000000
110	120	85	1434.81420000000
110	120	80	1507.82260000000
110	120	75	1551.98050000000
110	120	70	1258.60800000000
110	130	100	262.296170000000
110	130	95	262.296170000000
110	130	90	367.710750000000
110	130	85	1685.64550000000
110	130	80	1420.41090000000
110	130	75	1355.12520000000
110	130	70	1250.27730000000
110	140	100	243.899140000000
110	140	95	243.899140000000
110	140	90	334.360930000000
110	140	85	1322.26160000000
110	140	80	1316.49260000000
110	140	75	1280.96980000000
110	140	70	1250.05800000000
110	150	100	242.650760000000
110	150	95	242.650760000000
110	150	90	333.182770000000
110	150	85	1312.73450000000
110	150	80	1280.55020000000
110	150	75	1259.98840000000
110	150	70	1250.00010000000
110	160	100	242.650760000000
110	160	95	242.650760000000
110	160	90	333.182770000000
110	160	85	1312.73450000000
110	160	80	1280.55020000000
110	160	75	1259.98840000000
110	160	70	1250.00010000000
120	0	100	239.762850000000
120	0	95	239.762850000000
120	0	90	327.404020000000
120	0	85	1217.40970000000
120	0	80	1239.51900000000
120	0	75	1250.64120000000
120	0	70	1250.16880000000
120	10	100	239.762850000000
120	10	95	239.762850000000
120	10	90	327.404020000000
120	10	85	1217.40970000000
120	10	80	1239.51900000000
120	10	75	1250.64120000000
120	10	70	1250.16880000000
120	20	100	236.923580000000
120	20	95	236.923580000000
120	20	90	323.063870000000
120	20	85	1183.66190000000
120	20	80	1249.16160000000
120	20	75	1274.94810000000
120	20	70	1250.92400000000
120	30	100	223.382290000000
120	30	95	223.382290000000
120	30	90	300.656590000000
120	30	85	996.559200000000
120	30	80	1245.33280000000
120	30	75	1470.29960000000
120	30	70	1254.34570000000
120	40	100	217.769210000000
120	40	95	217.769210000000
120	40	90	290.305850000000
120	40	85	949.390500000000
120	40	80	1533.91800000000
120	40	75	1665.68300000000
120	40	70	1264.82080000000
120	50	100	218.656100000000
120	50	95	218.656100000000
120	50	90	290.799990000000
120	50	85	949.027400000000
120	50	80	1366.45290000000
120	50	75	1684.27820000000
120	50	70	1301.01040000000
120	60	100	218.435520000000
120	60	95	218.435520000000
120	60	90	284.573700000000
120	60	85	912.664980000000
120	60	80	1113.79350000000
120	60	75	1640.64650000000
120	60	70	1342.69290000000
120	70	100	222.685550000000
120	70	95	222.685550000000
120	70	90	300.988770000000
120	70	85	944.520140000000
120	70	80	1234.06180000000
120	70	75	1568.92050000000
120	70	70	1365.77290000000
120	80	100	237.693040000000
120	80	95	237.693040000000
120	80	90	335.965360000000
120	80	85	1163.08250000000
120	80	80	1458.90890000000
120	80	75	1741.70070000000
120	80	70	1345.63700000000
120	90	100	227.511380000000
120	90	95	227.511380000000
120	90	90	308.657140000000
120	90	85	903.749570000000
120	90	80	1067.12070000000
120	90	75	1640.86720000000
120	90	70	1312.77530000000
120	100	100	222.669800000000
120	100	95	222.669800000000
120	100	90	298.606350000000
120	100	85	928.367370000000
120	100	80	1117.77650000000
120	100	75	1488.84630000000
120	100	70	1279.03690000000
120	110	100	240.652710000000
120	110	95	240.652710000000
120	110	90	330.511290000000
120	110	85	1306.31100000000
120	110	80	1330.13370000000
120	110	75	1363.46360000000
120	110	70	1256.35880000000
120	120	100	244.780620000000
120	120	95	244.780620000000
120	120	90	336.749540000000
120	120	85	1348.34350000000
120	120	80	1331.70980000000
120	120	75	1314.66370000000
120	120	70	1251.75200000000
120	130	100	246.337710000000
120	130	95	246.337710000000
120	130	90	338.953610000000
120	130	85	1367.50620000000
120	130	80	1326.27620000000
120	130	75	1286.98800000000
120	130	70	1250.03940000000
120	140	100	242.133410000000
120	140	95	242.133410000000
120	140	90	332.137730000000
120	140	85	1294.51700000000
120	140	80	1276.49410000000
120	140	75	1261.72830000000
120	140	70	1250.01140000000
120	150	100	240.488980000000
120	150	95	240.488980000000
120	150	90	329.470460000000
120	150	85	1267.21560000000
120	150	80	1257.60340000000
120	150	75	1251.89990000000
120	150	70	1250.00010000000
120	160	100	240.488980000000
120	160	95	240.488980000000
120	160	90	329.470460000000
120	160	85	1267.21560000000
120	160	80	1257.60340000000
120	160	75	1251.89990000000
120	160	70	1250.00010000000
130	0	100	239.883580000000
130	0	95	239.883580000000
130	0	90	328.264430000000
130	0	85	1247.51110000000
130	0	80	1249.10290000000
130	0	75	1249.93360000000
130	0	70	1250.00040000000
130	10	100	239.883580000000
130	10	95	239.883580000000
130	10	90	328.264430000000
130	10	85	1247.51110000000
130	10	80	1249.10290000000
130	10	75	1249.93360000000
130	10	70	1250.00040000000
130	20	100	238.957490000000
130	20	95	238.957490000000
130	20	90	326.863190000000
130	20	85	1236.91360000000
130	20	80	1257.16780000000
130	20	75	1261.69800000000
130	20	70	1250.16270000000
130	30	100	234.184740000000
130	30	95	234.184740000000
130	30	90	318.332920000000
130	30	85	1151.46580000000
130	30	80	1268.83850000000
130	30	75	1301.08070000000
130	30	70	1250.57320000000
130	40	100	221.484210000000
130	40	95	221.484210000000
130	40	90	294.547670000000
130	40	85	949.951840000000
130	40	80	1403.87650000000
130	40	75	1525.34950000000
130	40	70	1252.43540000000
130	50	100	207.716900000000
130	50	95	207.716900000000
130	50	90	270.398220000000
130	50	85	835.406860000000
130	50	80	1155.41040000000
130	50	75	1465.11070000000
130	50	70	1259.23130000000
130	60	100	223.823610000000
130	60	95	223.823610000000
130	60	90	303.419740000000
130	60	85	948.889530000000
130	60	80	1125.06130000000
130	60	75	1572.70940000000
130	60	70	1274.55940000000
130	70	100	235.697050000000
130	70	95	235.697050000000
130	70	90	340.284640000000
130	70	85	1035.61760000000
130	70	80	1153.41970000000
130	70	75	1690.06640000000
130	70	70	1285.10640000000
130	80	100	236.362430000000
130	80	95	236.362430000000
130	80	90	327.570650000000
130	80	85	1012.72420000000
130	80	80	1237.80220000000
130	80	75	1677.15430000000
130	80	70	1271.73750000000
130	90	100	223.932280000000
130	90	95	223.932280000000
130	90	90	298.578030000000
130	90	85	912.898860000000
130	90	80	1179.31420000000
130	90	75	1365.92600000000
130	90	70	1256.55210000000
130	100	100	228.501210000000
130	100	95	228.501210000000
130	100	90	308.151370000000
130	100	85	1025.61170000000
130	100	80	1193.15410000000
130	100	75	1288.18950000000
130	100	70	1252.02970000000
130	110	100	239.129700000000
130	110	95	239.129700000000
130	110	90	326.970430000000
130	110	85	1230.51680000000
130	110	80	1257.91420000000
130	110	75	1265.46170000000
130	110	70	1250.45430000000
130	120	100	240.420230000000
130	120	95	240.420230000000
130	120	90	329.243800000000
130	120	85	1260.99980000000
130	120	80	1258.87350000000
130	120	75	1255.22070000000
130	120	70	1250.06710000000
130	130	100	240.106600000000
130	130	95	240.106600000000
130	130	90	328.616330000000
130	130	85	1250.69780000000
130	130	80	1250.27380000000
130	130	75	1250.04110000000
130	130	70	1250.00010000000
130	140	100	240.030440000000
130	140	95	240.030440000000
130	140	90	328.509800000000
130	140	85	1250.19930000000
130	140	80	1250.07840000000
130	140	75	1250.01180000000
130	140	70	1250
130	150	100	239.999980000000
130	150	95	239.999980000000
130	150	90	328.467160000000
130	150	85	1250
130	150	80	1250
130	150	75	1250.00010000000
130	150	70	1250
130	160	100	239.999980000000
130	160	95	239.999980000000
130	160	90	328.467160000000
130	160	85	1250
130	160	80	1250
130	160	75	1250.00010000000
130	160	70	1250
140	0	100	239.966710000000
140	0	95	239.966710000000
140	0	90	328.409210000000
140	0	85	1249.28780000000
140	0	80	1249.74370000000
140	0	75	1249.98120000000
140	0	70	1250.00010000000
140	10	100	239.966710000000
140	10	95	239.966710000000
140	10	90	328.409210000000
140	10	85	1249.28780000000
140	10	80	1249.74370000000
140	10	75	1249.98120000000
140	10	70	1250.00010000000
140	20	100	239.651670000000
140	20	95	239.651670000000
140	20	90	327.962460000000
140	20	85	1246.97140000000
140	20	80	1253.18360000000
140	20	75	1254.21730000000
140	20	70	1250.04680000000
140	30	100	238.786500000000
140	30	95	238.786500000000
140	30	90	326.618040000000
140	30	85	1237.10510000000
140	30	80	1261.24820000000
140	30	75	1264.94520000000
140	30	70	1250.16320000000
140	40	100	228.527500000000
140	40	95	228.527500000000
140	40	90	309.302980000000
140	40	85	1100.48750000000
140	40	80	1395.88150000000
140	40	75	1318.14200000000
140	40	70	1250.58060000000
140	50	100	218.948070000000
140	50	95	218.948070000000
140	50	90	292.872280000000
140	50	85	944.646240000000
140	50	80	1330.73360000000
140	50	75	1393.11060000000
140	50	70	1251.31230000000
140	60	100	223.311980000000
140	60	95	223.311980000000
140	60	90	305.334440000000
140	60	85	978.931580000000
140	60	80	1267.03000000000
140	60	75	1501.77610000000
140	60	70	1253.59570000000
140	70	100	233.182920000000
140	70	95	233.182920000000
140	70	90	328.406310000000
140	70	85	1025.52040000000
140	70	80	1334.66940000000
140	70	75	1541.00650000000
140	70	70	1254.51750000000
140	80	100	236.611600000000
140	80	95	236.611600000000
140	80	90	324.718320000000
140	80	85	1097.31880000000
140	80	80	1245.27910000000
140	80	75	1319.26140000000
140	80	70	1252.76490000000
140	90	100	237.012590000000
140	90	95	237.012590000000
140	90	90	323.085330000000
140	90	85	1180.57290000000
140	90	80	1254.08680000000
140	90	75	1278.31800000000
140	90	70	1251.48030000000
140	100	100	237.213710000000
140	100	95	237.213710000000
140	100	90	323.556850000000
140	100	85	1189.45010000000
140	100	80	1240.04190000000
140	100	75	1261.47270000000
140	100	70	1250.58700000000
140	110	100	239.701290000000
140	110	95	239.701290000000
140	110	90	327.965480000000
140	110	85	1244.42210000000
140	110	80	1252.45300000000
140	110	75	1254.37440000000
140	110	70	1250.12990000000
140	120	100	240.119890000000
140	120	95	240.119890000000
140	120	90	328.688660000000
140	120	85	1253.12300000000
140	120	80	1252.52250000000
140	120	75	1251.48730000000
140	120	70	1250.01920000000
140	130	100	240.030440000000
140	130	95	240.030440000000
140	130	90	328.509800000000
140	130	85	1250.19920000000
140	130	80	1250.07840000000
140	130	75	1250.01180000000
140	130	70	1250
140	140	100	240.008700000000
140	140	95	240.008700000000
140	140	90	328.479340000000
140	140	85	1250.05700000000
140	140	80	1250.02230000000
140	140	75	1250.00350000000
140	140	70	1250
140	150	100	239.999980000000
140	150	95	239.999980000000
140	150	90	328.467130000000
140	150	85	1250.00010000000
140	150	80	1250.00010000000
140	150	75	1250
140	150	70	1250.00010000000
140	160	100	239.999980000000
140	160	95	239.999980000000
140	160	90	328.467130000000
140	160	85	1250.00010000000
140	160	80	1250.00010000000
140	160	75	1250
140	160	70	1250.00010000000
150	0	100	239.999980000000
150	0	95	239.999980000000
150	0	90	328.467190000000
150	0	85	1250
150	0	80	1250
150	0	75	1250
150	0	70	1250
150	10	100	239.999980000000
150	10	95	239.999980000000
150	10	90	328.467190000000
150	10	85	1250
150	10	80	1250
150	10	75	1250
150	10	70	1250
150	20	100	239.930450000000
150	20	95	239.930450000000
150	20	90	328.404240000000
150	20	85	1251.04040000000
150	20	80	1251.59690000000
150	20	75	1251.24990000000
150	20	70	1250.00020000000
150	30	100	239.756820000000
150	30	95	239.756820000000
150	30	90	328.247100000000
150	30	85	1253.64920000000
150	30	80	1255.60730000000
150	30	75	1254.38510000000
150	30	70	1250.00100000000
150	40	100	235.707370000000
150	40	95	235.707370000000
150	40	90	323.617400000000
150	40	85	1276.46860000000
150	40	80	1299.79060000000
150	40	75	1283.38460000000
150	40	70	1250.01140000000
150	50	100	231.378750000000
150	50	95	231.378750000000
150	50	90	318.482270000000
150	50	85	1288.89320000000
150	50	80	1389.60180000000
150	50	75	1320.54170000000
150	50	70	1250.04700000000
150	60	100	239.488400000000
150	60	95	239.488400000000
150	60	90	332.966520000000
150	60	85	1313.25270000000
150	60	80	1415.30940000000
150	60	75	1365.77170000000
150	60	70	1250.17320000000
150	70	100	241.892720000000
150	70	95	241.892720000000
150	70	90	333.003720000000
150	70	85	1291.64330000000
150	70	80	1327.55040000000
150	70	75	1330.16200000000
150	70	70	1250.16850000000
150	80	100	240.195950000000
150	80	95	240.195950000000
150	80	90	328.130220000000
150	80	85	1225.49110000000
150	80	80	1259.18750000000
150	80	75	1267.72640000000
150	80	70	1250.07620000000
150	90	100	239.712190000000
150	90	95	239.712190000000
150	90	90	327.749910000000
150	90	85	1234.59590000000
150	90	80	1251.22780000000
150	90	75	1256.46830000000
150	90	70	1250.02860000000
150	100	100	239.569110000000
150	100	95	239.569110000000
150	100	90	327.757780000000
150	100	85	1242.57410000000
150	100	80	1247.37210000000
150	100	75	1249.85670000000
150	100	70	1250.00010000000
150	110	100	239.928070000000
150	110	95	239.928070000000
150	110	90	328.348720000000
150	110	85	1248.75620000000
150	110	80	1249.56130000000
150	110	75	1249.97630000000
150	110	70	1250.00010000000
150	120	100	240.000020000000
150	120	95	240.000020000000
150	120	90	328.467190000000
150	120	85	1250.00010000000
150	120	80	1250
150	120	75	1250.00010000000
150	120	70	1250.00010000000
150	130	100	239.999980000000
150	130	95	239.999980000000
150	130	90	328.467160000000
150	130	85	1250
150	130	80	1250
150	130	75	1250.00010000000
150	130	70	1250
150	140	100	239.999980000000
150	140	95	239.999980000000
150	140	90	328.467160000000
150	140	85	1250.00010000000
150	140	80	1250.00010000000
150	140	75	1250.00010000000
150	140	70	1250.00010000000
150	150	100	239.999980000000
150	150	95	239.999980000000
150	150	90	328.467220000000
150	150	85	1250.00010000000
150	150	80	1250.00010000000
150	150	75	1250.00010000000
150	150	70	1250.00010000000
150	160	100	239.999980000000
150	160	95	239.999980000000
150	160	90	328.467220000000
150	160	85	1250.00010000000
150	160	80	1250.00010000000
150	160	75	1250.00010000000
150	160	70	1250.00010000000
160	0	100	239.999980000000
160	0	95	239.999980000000
160	0	90	328.467190000000
160	0	85	1250
160	0	80	1250
160	0	75	1250
160	0	70	1250
160	10	100	239.999980000000
160	10	95	239.999980000000
160	10	90	328.467190000000
160	10	85	1250
160	10	80	1250
160	10	75	1250
160	10	70	1250
160	20	100	239.930450000000
160	20	95	239.930450000000
160	20	90	328.404240000000
160	20	85	1251.04040000000
160	20	80	1251.59690000000
160	20	75	1251.24990000000
160	20	70	1250.00020000000
160	30	100	239.756820000000
160	30	95	239.756820000000
160	30	90	328.247100000000
160	30	85	1253.64920000000
160	30	80	1255.60730000000
160	30	75	1254.38510000000
160	30	70	1250.00100000000
160	40	100	235.707370000000
160	40	95	235.707370000000
160	40	90	323.617400000000
160	40	85	1276.46860000000
160	40	80	1299.79060000000
160	40	75	1283.38460000000
160	40	70	1250.01140000000
160	50	100	231.378750000000
160	50	95	231.378750000000
160	50	90	318.482270000000
160	50	85	1288.89320000000
160	50	80	1389.60180000000
160	50	75	1320.54170000000
160	50	70	1250.04700000000
160	60	100	239.488400000000
160	60	95	239.488400000000
160	60	90	332.966520000000
160	60	85	1313.25270000000
160	60	80	1415.30940000000
160	60	75	1365.77170000000
160	60	70	1250.17320000000
160	70	100	241.892720000000
160	70	95	241.892720000000
160	70	90	333.003720000000
160	70	85	1291.64330000000
160	70	80	1327.55040000000
160	70	75	1330.16200000000
160	70	70	1250.16850000000
160	80	100	240.195950000000
160	80	95	240.195950000000
160	80	90	328.130220000000
160	80	85	1225.49110000000
160	80	80	1259.18750000000
160	80	75	1267.72640000000
160	80	70	1250.07620000000
160	90	100	239.712190000000
160	90	95	239.712190000000
160	90	90	327.749910000000
160	90	85	1234.59590000000
160	90	80	1251.22780000000
160	90	75	1256.46830000000
160	90	70	1250.02860000000
160	100	100	239.569110000000
160	100	95	239.569110000000
160	100	90	327.757780000000
160	100	85	1242.57410000000
160	100	80	1247.37210000000
160	100	75	1249.85670000000
160	100	70	1250.00010000000
160	110	100	239.928070000000
160	110	95	239.928070000000
160	110	90	328.348720000000
160	110	85	1248.75620000000
160	110	80	1249.56130000000
160	110	75	1249.97630000000
160	110	70	1250.00010000000
160	120	100	240.000020000000
160	120	95	240.000020000000
160	120	90	328.467190000000
160	120	85	1250.00010000000
160	120	80	1250
160	120	75	1250.00010000000
160	120	70	1250.00010000000
160	130	100	239.999980000000
160	130	95	239.999980000000
160	130	90	328.467160000000
160	130	85	1250
160	130	80	1250
160	130	75	1250.00010000000
160	130	70	1250
160	140	100	239.999980000000
160	140	95	239.999980000000
160	140	90	328.467160000000
160	140	85	1250.00010000000
160	140	80	1250.00010000000
160	140	75	1250.00010000000
160	140	70	1250.00010000000
160	150	100	239.999980000000
160	150	95	239.999980000000
160	150	90	328.467220000000
160	150	85	1250.00010000000
160	150	80	1250.00010000000
160	150	75	1250.00010000000
160	150	70	1250.00010000000
160	160	100	239.999980000000
160	160	95	239.999980000000
160	160	90	328.467220000000
160	160	85	1250.00010000000
160	160	80	1250.00010000000
160	160	75	1250.00010000000
160	160	70	1250.00010000000