   0.0000000e+00   0.0000000e+00   1.0000000e+02   2.3999998e+02   0.0000000e+00
   0.0000000e+00   0.0000000e+00   9.5000000e+01   2.3999998e+02   0.0000000e+00
   0.0000000e+00   0.0000000e+00   9.0000000e+01   3.2846722e+02   0.0000000e+00
   0.0000000e+00   0.0000000e+00   8.5000000e+01   1.2500000e+03   0.0000000e+00
   0.0000000e+00   0.0000000e+00   8.0000000e+01   1.2500001e+03   0.0000000e+00
   0.0000000e+00   0.0000000e+00   7.5000000e+01   1.2500000e+03   0.0000000e+00
   0.0000000e+00   0.0000000e+00   7.0000000e+01   1.2500000e+03   0.0000000e+00
   0.0000000e+00   1.6000000e+01   1.0000000e+02   2.3999998e+02   0.0000000e+00
   0.0000000e+00   1.6000000e+01   9.5000000e+01   2.3999998e+02   0.0000000e+00
   0.0000000e+00   1.6000000e+01   9.0000000e+01   3.2846718e+02   0.0000000e+00
   0.0000000e+00   1.6000000e+01   8.5000000e+01   1.2500001e+03   0.0000000e+00
   0.0000000e+00   1.6000000e+01   8.0000000e+01   1.2500000e+03   0.0000000e+00
   0.0000000e+00   1.6000000e+01   7.5000000e+01   1.2500000e+03   0.0000000e+00
   0.0000000e+00   1.6000000e+01   7.0000000e+01   1.2500001e+03   0.0000000e+00
   0.0000000e+00   3.2000000e+01   1.0000000e+02   2.3999998e+02   0.0000000e+00
   0.0000000e+00   3.2000000e+01   9.5000000e+01   2.3999998e+02   0.0000000e+00
   0.0000000e+00   3.2000000e+01   9.0000000e+01   3.2846717e+02   0.0000000e+00
   0.0000000e+00   3.2000000e+01   8.5000000e+01   1.2500001e+03   0.0000000e+00
   0.0000000e+00   3.2000000e+01   8.0000000e+01   1.2500000e+03   0.0000000e+00
   0.0000000e+00   3.2000000e+01   7.5000000e+01   1.2500001e+03   0.0000000e+00
   0.0000000e+00   3.2000000e+01   7.0000000e+01   1.2500001e+03   0.0000000e+00
   0.0000000e+00   4.8000000e+01   1.0000000e+02   2.3999998e+02   0.0000000e+00
   0.0000000e+00   4.8000000e+01   9.5000000e+01   2.3999998e+02   0.0000000e+00
   0.0000000e+00   4.8000000e+01   9.0000000e+01   3.2846712e+02   0.0000000e+00
   0.0000000e+00   4.8000000e+01   8.5000000e+01   1.2499992e+03   0.0000000e+00
   0.0000000e+00   4.8000000e+01   8.0000000e+01   1.2499977e+03   0.0000000e+00
   0.0000000e+00   4.8000000e+01   7.5000000e+01   1.2499979e+03   0.0000000e+00
   0.0000000e+00   4.8000000e+01   7.0000000e+01   1.2500000e+03   0.0000000e+00
   0.0000000e+00   6.4000000e+01   1.0000000e+02   2.3995364e+02   0.0000000e+00
   0.0000000e+00   6.4000000e+01   9.5000000e+01   2.3995364e+02   0.0000000e+00
   0.0000000e+00   6.4000000e+01   9.0000000e+01   3.2835201e+02   0.0000000e+00
   0.0000000e+00   6.4000000e+01   8.5000000e+01   1.2475206e+03   0.0000000e+00
   0.0000000e+00   6.4000000e+01   8.0000000e+01   1.2489791e+03   0.0000000e+00
   0.0000000e+00   6.4000000e+01   7.5000000e+01   1.2498076e+03   0.0000000e+00
   0.0000000e+00   6.4000000e+01   7.0000000e+01   1.2499996e+03   0.0000000e+00
   0.0000000e+00   8.0000000e+01   1.0000000e+02   2.3969124e+02   0.0000000e+00
   0.0000000e+00   8.0000000e+01   9.5000000e+01   2.3969124e+02   0.0000000e+00
   0.0000000e+00   8.0000000e+01   9.0000000e+01   3.2770142e+02   0.0000000e+00
   0.0000000e+00   8.0000000e+01   8.5000000e+01   1.2336425e+03   0.0000000e+00
   0.0000000e+00   8.0000000e+01   8.0000000e+01   1.2433293e+03   0.0000000e+00
   0.0000000e+00   8.0000000e+01   7.5000000e+01   1.2488191e+03   0.0000000e+00
   0.0000000e+00   8.0000000e+01   7.0000000e+01   1.2499989e+03   0.0000000e+00
   0.0000000e+00   9.6000000e+01   1.0000000e+02   2.3539312e+02   0.0000000e+00
   0.0000000e+00   9.6000000e+01   9.5000000e+01   2.3539312e+02   0.0000000e+00
   0.0000000e+00   9.6000000e+01   9.0000000e+01   3.1998876e+02   0.0000000e+00
   0.0000000e+00   9.6000000e+01   8.5000000e+01   1.1415621e+03   0.0000000e+00
   0.0000000e+00   9.6000000e+01   8.0000000e+01   1.2082284e+03   0.0000000e+00
   0.0000000e+00   9.6000000e+01   7.5000000e+01   1.2462090e+03   0.0000000e+00
   0.0000000e+00   9.6000000e+01   7.0000000e+01   1.2499999e+03   0.0000000e+00
   0.0000000e+00   1.1200000e+02   1.0000000e+02   2.3787966e+02   0.0000000e+00
   0.0000000e+00   1.1200000e+02   9.5000000e+01   2.3787966e+02   0.0000000e+00
   0.0000000e+00   1.1200000e+02   9.0000000e+01   3.2430278e+02   0.0000000e+00
   0.0000000e+00   1.1200000e+02   8.5000000e+01   1.1903196e+03   0.0000000e+00
   0.0000000e+00   1.1200000e+02   8.0000000e+01   1.2269605e+03   0.0000000e+00
   0.0000000e+00   1.1200000e+02   7.5000000e+01   1.2471836e+03   0.0000000e+00
   0.0000000e+00   1.1200000e+02   7.0000000e+01   1.2500001e+03   0.0000000e+00
   0.0000000e+00   1.2800000e+02   1.0000000e+02   2.3982187e+02   0.0000000e+00
   0.0000000e+00   1.2800000e+02   9.5000000e+01   2.3982187e+02   0.0000000e+00
   0.0000000e+00   1.2800000e+02   9.0000000e+01   3.2811128e+02   0.0000000e+00
   0.0000000e+00   1.2800000e+02   8.5000000e+01   1.2442885e+03   0.0000000e+00
   0.0000000e+00   1.2800000e+02   8.0000000e+01   1.2477754e+03   0.0000000e+00
   0.0000000e+00   1.2800000e+02   7.5000000e+01   1.2497043e+03   0.0000000e+00
   0.0000000e+00   1.2800000e+02   7.0000000e+01   1.2500000e+03   0.0000000e+00
   0.0000000e+00   1.4400000e+02   1.0000000e+02   2.3999998e+02   0.0000000e+00
   0.0000000e+00   1.4400000e+02   9.5000000e+01   2.3999998e+02   0.0000000e+00
   0.0000000e+00   1.4400000e+02   9.0000000e+01   3.2846718e+02   0.0000000e+00
   0.0000000e+00   1.4400000e+02   8.5000000e+01   1.2500000e+03   0.0000000e+00
   0.0000000e+00   1.4400000e+02   8.0000000e+01   1.2500000e+03   0.0000000e+00
   0.0000000e+00   1.4400000e+02   7.5000000e+01   1.2500001e+03   0.0000000e+00
   0.0000000e+00   1.4400000e+02   7.0000000e+01   1.2500001e+03   0.0000000e+00
   0.0000000e+00   1.6000000e+02   1.0000000e+02   2.3999998e+02   0.0000000e+00
   0.0000000e+00   1.6000000e+02   9.5000000e+01   2.3999998e+02   0.0000000e+00
   0.0000000e+00   1.6000000e+02   9.0000000e+01   3.2846722e+02   0.0000000e+00
   0.0000000e+00   1.6000000e+02   8.5000000e+01   1.2500001e+03   0.0000000e+00
   0.0000000e+00   1.6000000e+02   8.0000000e+01   1.2500001e+03   0.0000000e+00
   0.0000000e+00   1.6000000e+02   7.5000000e+01   1.2500001e+03   0.0000000e+00
   0.0000000e+00   1.6000000e+02   7.0000000e+01   1.2500001e+03   0.0000000e+00
   1.6000000e+01   0.0000000e+00   1.0000000e+02   2.3999998e+02   0.0000000e+00
   1.6000000e+01   0.0000000e+00   9.5000000e+01   2.3999998e+02   0.0000000e+00
   1.6000000e+01   0.0000000e+00   9.0000000e+01   3.2846717e+02   0.0000000e+00
   1.6000000e+01   0.0000000e+00   8.5000000e+01   1.2500001e+03   0.0000000e+00
   1.6000000e+01   0.0000000e+00   8.0000000e+01   1.2500000e+03   0.0000000e+00
   1.6000000e+01   0.0000000e+00   7.5000000e+01   1.2500001e+03   0.0000000e+00
   1.6000000e+01   0.0000000e+00   7.0000000e+01   1.2500001e+03   0.0000000e+00
   1.6000000e+01   1.6000000e+01   1.0000000e+02   2.3999998e+02   0.0000000e+00
   1.6000000e+01   1.6000000e+01   9.5000000e+01   2.3999998e+02   0.0000000e+00
   1.6000000e+01   1.6000000e+01   9.0000000e+01   3.2846716e+02   0.0000000e+00
   1.6000000e+01   1.6000000e+01   8.5000000e+01   1.2500000e+03   0.0000000e+00
   1.6000000e+01   1.6000000e+01   8.0000000e+01   1.2499995e+03   0.0000000e+00
   1.6000000e+01   1.6000000e+01   7.5000000e+01   1.2499994e+03   0.0000000e+00
   1.6000000e+01   1.6000000e+01   7.0000000e+01   1.2499997e+03   0.0000000e+00
   1.6000000e+01   3.2000000e+01   1.0000000e+02   2.3998404e+02   0.0000000e+00
   1.6000000e+01   3.2000000e+01   9.5000000e+01   2.3998404e+02   0.0000000e+00
   1.6000000e+01   3.2000000e+01   9.0000000e+01   3.2843634e+02   0.0000000e+00
   1.6000000e+01   3.2000000e+01   8.5000000e+01   1.2495266e+03   0.0000000e+00
   1.6000000e+01   3.2000000e+01   8.0000000e+01   1.2497697e+03   0.0000000e+00
   1.6000000e+01   3.2000000e+01   7.5000000e+01   1.2499219e+03   0.0000000e+00
   1.6000000e+01   3.2000000e+01   7.0000000e+01   1.2499824e+03   0.0000000e+00
   1.6000000e+01   4.8000000e+01   1.0000000e+02   2.3981073e+02   0.0000000e+00
   1.6000000e+01   4.8000000e+01   9.5000000e+01   2.3981073e+02   0.0000000e+00
   1.6000000e+01   4.8000000e+01   9.0000000e+01   3.2804743e+02   0.0000000e+00
   1.6000000e+01   4.8000000e+01   8.5000000e+01   1.2420987e+03   0.0000000e+00
   1.6000000e+01   4.8000000e+01   8.0000000e+01   1.2461809e+03   0.0000000e+00
   1.6000000e+01   4.8000000e+01   7.5000000e+01   1.2487692e+03  -1.3850918e-03
   1.6000000e+01   4.8000000e+01   7.0000000e+01   1.2498280e+03   0.0000000e+00
   1.6000000e+01   6.4000000e+01   1.0000000e+02   2.3918898e+02   0.0000000e+00
   1.6000000e+01   6.4000000e+01   9.5000000e+01   2.3918898e+02   0.0000000e+00
   1.6000000e+01   6.4000000e+01   9.0000000e+01   3.2652267e+02   0.0000000e+00
   1.6000000e+01   6.4000000e+01   8.5000000e+01   1.2107764e+03   0.0000000e+00
   1.6000000e+01   6.4000000e+01   8.0000000e+01   1.2287789e+03   9.0384749e-05
   1.6000000e+01   6.4000000e+01   7.5000000e+01   1.2424237e+03  -5.8749766e-03
   1.6000000e+01   6.4000000e+01   7.0000000e+01   1.2495566e+03  -6.7661404e-03
   1.6000000e+01   8.0000000e+01   1.0000000e+02   2.3787925e+02   0.0000000e+00
   1.6000000e+01   8.0000000e+01   9.5000000e+01   2.3787925e+02  -2.5602925e-02
   1.6000000e+01   8.0000000e+01   9.0000000e+01   3.2416039e+02  -4.0951298e-02
   1.6000000e+01   8.0000000e+01   8.5000000e+01   1.1729806e+03  -5.2088845e-02
   1.6000000e+01   8.0000000e+01   8.0000000e+01   1.1966029e+03  -6.7018712e-02
   1.6000000e+01   8.0000000e+01   7.5000000e+01   1.2307109e+03  -7.3168199e-02
   1.6000000e+01   8.0000000e+01   7.0000000e+01   1.2493276e+03  -2.8703297e-02
   1.6000000e+01   9.6000000e+01   1.0000000e+02   2.3348063e+02   0.0000000e+00
   1.6000000e+01   9.6000000e+01   9.5000000e+01   2.3348063e+02  -2.7306104e-02
   1.6000000e+01   9.6000000e+01   9.0000000e+01   3.1340789e+02  -2.5809399e-02
   1.6000000e+01   9.6000000e+01   8.5000000e+01   1.0749022e+03  -1.7933844e-02
   1.6000000e+01   9.6000000e+01   8.0000000e+01   1.1807850e+03  -1.4713073e-02
   1.6000000e+01   9.6000000e+01   7.5000000e+01   1.2359026e+03  -6.1769922e-03
   1.6000000e+01   9.6000000e+01   7.0000000e+01   1.2499811e+03  -6.0799557e-04
   1.6000000e+01   1.1200000e+02   1.0000000e+02   2.3697475e+02   0.0000000e+00
   1.6000000e+01   1.1200000e+02   9.5000000e+01   2.3697475e+02   0.0000000e+00
   1.6000000e+01   1.1200000e+02   9.0000000e+01   3.2149056e+02   0.0000000e+00
   1.6000000e+01   1.1200000e+02   8.5000000e+01   1.1350162e+03   0.0000000e+00
   1.6000000e+01   1.1200000e+02   8.0000000e+01   1.1993816e+03   0.0000000e+00
   1.6000000e+01   1.1200000e+02   7.5000000e+01   1.2400521e+03   0.0000000e+00
   1.6000000e+01   1.1200000e+02   7.0000000e+01   1.2500125e+03   0.0000000e+00
   1.6000000e+01   1.2800000e+02   1.0000000e+02   2.3978839e+02   0.0000000e+00
   1.6000000e+01   1.2800000e+02   9.5000000e+01   2.3978839e+02   0.0000000e+00
   1.6000000e+01   1.2800000e+02   9.0000000e+01   3.2795212e+02   0.0000000e+00
   1.6000000e+01   1.2800000e+02   8.5000000e+01   1.2393129e+03   0.0000000e+00
   1.6000000e+01   1.2800000e+02   8.0000000e+01   1.2452172e+03   0.0000000e+00
   1.6000000e+01   1.2800000e+02   7.5000000e+01   1.2488731e+03   0.0000000e+00
   1.6000000e+01   1.2800000e+02   7.0000000e+01   1.2500004e+03   0.0000000e+00
   1.6000000e+01   1.4400000e+02   1.0000000e+02   2.4000405e+02   0.0000000e+00
   1.6000000e+01   1.4400000e+02   9.5000000e+01   2.4000405e+02   0.0000000e+00
   1.6000000e+01   1.4400000e+02   9.0000000e+01   3.2846694e+02   0.0000000e+00
   1.6000000e+01   1.4400000e+02   8.5000000e+01   1.2497698e+03   0.0000000e+00
   1.6000000e+01   1.4400000e+02   8.0000000e+01   1.2498944e+03   0.0000000e+00
   1.6000000e+01   1.4400000e+02   7.5000000e+01   1.2499713e+03   0.0000000e+00
   1.6000000e+01   1.4400000e+02   7.0000000e+01   1.2500001e+03   0.0000000e+00
   1.6000000e+01   1.6000000e+02   1.0000000e+02   2.3999998e+02   0.0000000e+00
   1.6000000e+01   1.6000000e+02   9.5000000e+01   2.3999998e+02   0.0000000e+00
   1.6000000e+01   1.6000000e+02   9.0000000e+01   3.2846717e+02   0.0000000e+00
   1.6000000e+01   1.6000000e+02   8.5000000e+01   1.2500001e+03   0.0000000e+00
   1.6000000e+01   1.6000000e+02   8.0000000e+01   1.2500002e+03   0.0000000e+00
   1.6000000e+01   1.6000000e+02   7.5000000e+01   1.2500002e+03   0.0000000e+00
   1.6000000e+01   1.6000000e+02   7.0000000e+01   1.2500001e+03   0.0000000e+00
   3.2000000e+01   0.0000000e+00   1.0000000e+02   2.3999762e+02   0.0000000e+00
   3.2000000e+01   0.0000000e+00   9.5000000e+01   2.3999762e+02   0.0000000e+00
   3.2000000e+01   0.0000000e+00   9.0000000e+01   3.2845655e+02   0.0000000e+00
   3.2000000e+01   0.0000000e+00   8.5000000e+01   1.2496679e+03   0.0000000e+00
   3.2000000e+01   0.0000000e+00   8.0000000e+01   1.2497926e+03   0.0000000e+00
   3.2000000e+01   0.0000000e+00   7.5000000e+01   1.2499033e+03   0.0000000e+00
   3.2000000e+01   0.0000000e+00   7.0000000e+01   1.2499997e+03   0.0000000e+00
   3.2000000e+01   1.6000000e+01   1.0000000e+02   2.3994796e+02   0.0000000e+00
   3.2000000e+01   1.6000000e+01   9.5000000e+01   2.3994796e+02   0.0000000e+00
   3.2000000e+01   1.6000000e+01   9.0000000e+01   3.2831488e+02   0.0000000e+00
   3.2000000e+01   1.6000000e+01   8.5000000e+01   1.2462753e+03   0.0000000e+00
   3.2000000e+01   1.6000000e+01   8.0000000e+01   1.2481098e+03   0.0000000e+00
   3.2000000e+01   1.6000000e+01   7.5000000e+01   1.2493508e+03   0.0000000e+00
   3.2000000e+01   1.6000000e+01   7.0000000e+01   1.2499687e+03   0.0000000e+00
   3.2000000e+01   3.2000000e+01   1.0000000e+02   2.3939714e+02   0.0000000e+00
   3.2000000e+01   3.2000000e+01   9.5000000e+01   2.3939714e+02   0.0000000e+00
   3.2000000e+01   3.2000000e+01   9.0000000e+01   3.2714502e+02   0.0000000e+00
   3.2000000e+01   3.2000000e+01   8.5000000e+01   1.2256946e+03   0.0000000e+00
   3.2000000e+01   3.2000000e+01   8.0000000e+01   1.2347681e+03  -3.3925137e-03
   3.2000000e+01   3.2000000e+01   7.5000000e+01   1.2432327e+03  -9.3380663e-04
   3.2000000e+01   3.2000000e+01   7.0000000e+01   1.2488195e+03  -7.5431656e-03
   3.2000000e+01   4.8000000e+01   1.0000000e+02   2.3636811e+02  -4.7037711e-03
   3.2000000e+01   4.8000000e+01   9.5000000e+01   2.3636811e+02  -5.4211053e-03
   3.2000000e+01   4.8000000e+01   9.0000000e+01   3.2146115e+02  -4.9837857e-03
   3.2000000e+01   4.8000000e+01   8.5000000e+01   1.1514016e+03  -1.3483316e-03
   3.2000000e+01   4.8000000e+01   8.0000000e+01   1.1726404e+03  -2.4378483e-03
   3.2000000e+01   4.8000000e+01   7.5000000e+01   1.2099184e+03  -5.6437578e-03
   3.2000000e+01   4.8000000e+01   7.0000000e+01   1.2363755e+03  -1.6949015e-02
   3.2000000e+01   6.4000000e+01   1.0000000e+02   2.3409497e+02  -1.3233890e-02
   3.2000000e+01   6.4000000e+01   9.5000000e+01   2.3409497e+02  -1.5432739e-02
   3.2000000e+01   6.4000000e+01   9.0000000e+01   3.1420259e+02  -4.2423992e-02
   3.2000000e+01   6.4000000e+01   8.5000000e+01   9.6800326e+02  -7.2159430e-02
   3.2000000e+01   6.4000000e+01   8.0000000e+01   1.0230189e+03  -1.0207759e-01
   3.2000000e+01   6.4000000e+01   7.5000000e+01   1.1393128e+03  -1.3397055e-01
   3.2000000e+01   6.4000000e+01   7.0000000e+01   1.2201104e+03  -4.3106471e-02
   3.2000000e+01   8.0000000e+01   1.0000000e+02   2.3523337e+02  -1.6122400e-02
   3.2000000e+01   8.0000000e+01   9.5000000e+01   2.3523337e+02   1.8038297e-02
   3.2000000e+01   8.0000000e+01   9.0000000e+01   3.0647240e+02   1.6910050e-02
   3.2000000e+01   8.0000000e+01   8.5000000e+01   8.7437589e+02   8.2717427e-03
   3.2000000e+01   8.0000000e+01   8.0000000e+01   9.3759307e+02  -2.6697964e-03
   3.2000000e+01   8.0000000e+01   7.5000000e+01   1.0884543e+03  -3.5851619e-02
   3.2000000e+01   8.0000000e+01   7.0000000e+01   1.2307835e+03  -8.6940394e-02
   3.2000000e+01   9.6000000e+01   1.0000000e+02   2.2830302e+02  -7.3811875e-03
   3.2000000e+01   9.6000000e+01   9.5000000e+01   2.2830302e+02   7.6883838e-03
   3.2000000e+01   9.6000000e+01   9.0000000e+01   2.8634969e+02   1.3783867e-02
   3.2000000e+01   9.6000000e+01   8.5000000e+01   8.2343068e+02   1.6765296e-02
   3.2000000e+01   9.6000000e+01   8.0000000e+01   9.4101813e+02  -1.9983914e-03
   3.2000000e+01   9.6000000e+01   7.5000000e+01   1.1545473e+03   4.3056510e-03
   3.2000000e+01   9.6000000e+01   7.0000000e+01   1.2621210e+03   1.1037453e-02
   3.2000000e+01   1.1200000e+02   1.0000000e+02   2.3167526e+02   0.0000000e+00
   3.2000000e+01   1.1200000e+02   9.5000000e+01   2.3167526e+02   5.7301759e-02
   3.2000000e+01   1.1200000e+02   9.0000000e+01   3.0770610e+02   9.1805549e-02
   3.2000000e+01   1.1200000e+02   8.5000000e+01   9.1847126e+02   1.1895535e-01
   3.2000000e+01   1.1200000e+02   8.0000000e+01   1.0327849e+03   1.5870374e-01
   3.2000000e+01   1.1200000e+02   7.5000000e+01   1.1974228e+03   2.0552497e-03
   3.2000000e+01   1.1200000e+02   7.0000000e+01   1.2500385e+03   2.8442012e-04
   3.2000000e+01   1.2800000e+02   1.0000000e+02   2.3942932e+02   0.0000000e+00
   3.2000000e+01   1.2800000e+02   9.5000000e+01   2.3942932e+02   0.0000000e+00
   3.2000000e+01   1.2800000e+02   9.0000000e+01   3.2656002e+02   0.0000000e+00
   3.2000000e+01   1.2800000e+02   8.5000000e+01   1.1932326e+03   0.0000000e+00
   3.2000000e+01   1.2800000e+02   8.0000000e+01   1.2194663e+03   0.0000000e+00
   3.2000000e+01   1.2800000e+02   7.5000000e+01   1.2435260e+03   0.0000000e+00
   3.2000000e+01   1.2800000e+02   7.0000000e+01   1.2500409e+03   0.0000000e+00
   3.2000000e+01   1.4400000e+02   1.0000000e+02   2.3999123e+02   0.0000000e+00
   3.2000000e+01   1.4400000e+02   9.5000000e+01   2.3999123e+02   0.0000000e+00
   3.2000000e+01   1.4400000e+02   9.0000000e+01   3.2834775e+02   0.0000000e+00
   3.2000000e+01   1.4400000e+02   8.5000000e+01   1.2453607e+03   0.0000000e+00
   3.2000000e+01   1.4400000e+02   8.0000000e+01   1.2478794e+03   0.0000000e+00
   3.2000000e+01   1.4400000e+02   7.5000000e+01   1.2494386e+03   0.0000000e+00
   3.2000000e+01   1.4400000e+02   7.0000000e+01   1.2500008e+03   0.0000000e+00
   3.2000000e+01   1.6000000e+02   1.0000000e+02   2.3999953e+02   0.0000000e+00
   3.2000000e+01   1.6000000e+02   9.5000000e+01   2.3999953e+02   0.0000000e+00
   3.2000000e+01   1.6000000e+02   9.0000000e+01   3.2846644e+02   0.0000000e+00
   3.2000000e+01   1.6000000e+02   8.5000000e+01   1.2499922e+03   0.0000000e+00
   3.2000000e+01   1.6000000e+02   8.0000000e+01   1.2499967e+03   0.0000000e+00
   3.2000000e+01   1.6000000e+02   7.5000000e+01   1.2499995e+03   0.0000000e+00
   3.2000000e+01   1.6000000e+02   7.0000000e+01   1.2500001e+03   0.0000000e+00
   4.8000000e+01   0.0000000e+00   1.0000000e+02   2.4074023e+02   0.0000000e+00
   4.8000000e+01   0.0000000e+00   9.5000000e+01   2.4074023e+02   0.0000000e+00
   4.8000000e+01   0.0000000e+00   9.0000000e+01   3.2926186e+02   0.0000000e+00
   4.8000000e+01   0.0000000e+00   8.5000000e+01   1.2444417e+03   0.0000000e+00
   4.8000000e+01   0.0000000e+00   8.0000000e+01   1.2472207e+03   0.0000000e+00
   4.8000000e+01   0.0000000e+00   7.5000000e+01   1.2490810e+03   0.0000000e+00
   4.8000000e+01   0.0000000e+00   7.0000000e+01   1.2500121e+03   0.0000000e+00
   4.8000000e+01   1.6000000e+01   1.0000000e+02   2.4000635e+02   0.0000000e+00
   4.8000000e+01   1.6000000e+01   9.5000000e+01   2.4000635e+02  -7.8882466e-03
   4.8000000e+01   1.6000000e+01   9.0000000e+01   3.2758595e+02  -7.3043556e-03
   4.8000000e+01   1.6000000e+01   8.5000000e+01   1.2103189e+03  -9.5614986e-03
   4.8000000e+01   1.6000000e+01   8.0000000e+01   1.2226587e+03  -1.2470400e-02
   4.8000000e+01   1.6000000e+01   7.5000000e+01   1.2392617e+03  -1.4956225e-02
   4.8000000e+01   1.6000000e+01   7.0000000e+01   1.2497370e+03  -6.5459121e-03
   4.8000000e+01   3.2000000e+01   1.0000000e+02   2.3438009e+02   0.0000000e+00
   4.8000000e+01   3.2000000e+01   9.5000000e+01   2.3438009e+02  -2.3345029e-02
   4.8000000e+01   3.2000000e+01   9.0000000e+01   3.1441423e+02  -2.8352596e-02
   4.8000000e+01   3.2000000e+01   8.5000000e+01   9.8919698e+02  -2.2523547e-02
   4.8000000e+01   3.2000000e+01   8.0000000e+01   1.0270055e+03  -1.4697329e-02
   4.8000000e+01   3.2000000e+01   7.5000000e+01   1.1282889e+03  -1.0431525e-02
   4.8000000e+01   3.2000000e+01   7.0000000e+01   1.2248394e+03  -1.9861658e-02
   4.8000000e+01   4.8000000e+01   1.0000000e+02   2.1922701e+02  -1.7298421e-02
   4.8000000e+01   4.8000000e+01   9.5000000e+01   2.1922701e+02  -2.2522082e-02
   4.8000000e+01   4.8000000e+01   9.0000000e+01   2.7671268e+02  -3.6805119e-02
   4.8000000e+01   4.8000000e+01   8.5000000e+01   7.7788895e+02  -4.0437395e-02
   4.8000000e+01   4.8000000e+01   8.0000000e+01   8.2733196e+02  -4.1242646e-02
   4.8000000e+01   4.8000000e+01   7.5000000e+01   9.7811634e+02  -5.0228866e-02
   4.8000000e+01   4.8000000e+01   7.0000000e+01   1.1812509e+03  -4.8465894e-02
   4.8000000e+01   6.4000000e+01   1.0000000e+02   2.2055834e+02  -2.5993115e-02
   4.8000000e+01   6.4000000e+01   9.5000000e+01   2.2055834e+02   1.8249037e-02
   4.8000000e+01   6.4000000e+01   9.0000000e+01   2.7477771e+02   1.7626141e-02
   4.8000000e+01   6.4000000e+01   8.5000000e+01   7.3769632e+02   1.0903217e-02
   4.8000000e+01   6.4000000e+01   8.0000000e+01   8.1759942e+02   8.6041994e-03
   4.8000000e+01   6.4000000e+01   7.5000000e+01   9.7331102e+02  -3.1197619e-02
   4.8000000e+01   6.4000000e+01   7.0000000e+01   1.1302413e+03  -8.4246579e-02
   4.8000000e+01   8.0000000e+01   1.0000000e+02   2.1004225e+02  -4.3428925e-02
   4.8000000e+01   8.0000000e+01   9.5000000e+01   2.1004225e+02  -2.8058205e-03
   4.8000000e+01   8.0000000e+01   9.0000000e+01   2.6286408e+02   7.7268631e-03
   4.8000000e+01   8.0000000e+01   8.5000000e+01   7.2896095e+02   9.5164600e-03
   4.8000000e+01   8.0000000e+01   8.0000000e+01   8.6390157e+02   6.8081047e-03
   4.8000000e+01   8.0000000e+01   7.5000000e+01   1.0147270e+03   1.4742510e-02
   4.8000000e+01   8.0000000e+01   7.0000000e+01   1.1838480e+03  -5.5051266e-02
   4.8000000e+01   9.6000000e+01   1.0000000e+02   2.2989631e+02  -7.3080662e-02
   4.8000000e+01   9.6000000e+01   9.5000000e+01   2.2989631e+02  -2.2403036e-02
   4.8000000e+01   9.6000000e+01   9.0000000e+01   2.9666123e+02  -2.0996611e-02
   4.8000000e+01   9.6000000e+01   8.5000000e+01   8.4696078e+02  -1.3594062e-02
   4.8000000e+01   9.6000000e+01   8.0000000e+01   8.8014042e+02  -3.0954378e-03
   4.8000000e+01   9.6000000e+01   7.5000000e+01   1.1464756e+03   1.0974129e-01
   4.8000000e+01   9.6000000e+01   7.0000000e+01   1.2818256e+03   1.4986337e-01
   4.8000000e+01   1.1200000e+02   1.0000000e+02   2.3839751e+02  -4.4338444e-04
   4.8000000e+01   1.1200000e+02   9.5000000e+01   2.3839751e+02  -2.0826701e-02
   4.8000000e+01   1.1200000e+02   9.0000000e+01   3.1532032e+02  -2.3621635e-02
   4.8000000e+01   1.1200000e+02   8.5000000e+01   9.3012828e+02  -1.6702826e-02
   4.8000000e+01   1.1200000e+02   8.0000000e+01   9.8104087e+02   1.9647590e-02
   4.8000000e+01   1.1200000e+02   7.5000000e+01   1.2716232e+03   3.0163224e-02
   4.8000000e+01   1.1200000e+02   7.0000000e+01   1.2591715e+03   1.5864481e-02
   4.8000000e+01   1.2800000e+02   1.0000000e+02   2.3772965e+02   0.0000000e+00
   4.8000000e+01   1.2800000e+02   9.5000000e+01   2.3772965e+02  -2.6482246e-03
   4.8000000e+01   1.2800000e+02   9.0000000e+01   3.2057241e+02  -2.0901691e-03
   4.8000000e+01   1.2800000e+02   8.5000000e+01   1.0238011e+03  -4.2320835e-04
   4.8000000e+01   1.2800000e+02   8.0000000e+01   1.1234025e+03   1.0847666e-04
   4.8000000e+01   1.2800000e+02   7.5000000e+01   1.2330788e+03   5.4238414e-05
   4.8000000e+01   1.2800000e+02   7.0000000e+01   1.2507373e+03   0.0000000e+00
   4.8000000e+01   1.4400000e+02   1.0000000e+02   2.3962730e+02   0.0000000e+00
   4.8000000e+01   1.4400000e+02   9.5000000e+01   2.3962730e+02   0.0000000e+00
   4.8000000e+01   1.4400000e+02   9.0000000e+01   3.2721534e+02   0.0000000e+00
   4.8000000e+01   1.4400000e+02   8.5000000e+01   1.2170366e+03   0.0000000e+00
   4.8000000e+01   1.4400000e+02   8.0000000e+01   1.2354677e+03   0.0000000e+00
   4.8000000e+01   1.4400000e+02   7.5000000e+01   1.2466905e+03   0.0000000e+00
   4.8000000e+01   1.4400000e+02   7.0000000e+01   1.2500193e+03   0.0000000e+00
   4.8000000e+01   1.6000000e+02   1.0000000e+02   2.3995389e+02   0.0000000e+00
   4.8000000e+01   1.6000000e+02   9.5000000e+01   2.3995389e+02   0.0000000e+00
   4.8000000e+01   1.6000000e+02   9.0000000e+01   3.2834982e+02   0.0000000e+00
   4.8000000e+01   1.6000000e+02   8.5000000e+01   1.2474075e+03   0.0000000e+00
   4.8000000e+01   1.6000000e+02   8.0000000e+01   1.2490480e+03   0.0000000e+00
   4.8000000e+01   1.6000000e+02   7.5000000e+01   1.2499136e+03   0.0000000e+00
   4.8000000e+01   1.6000000e+02   7.0000000e+01   1.2500000e+03   0.0000000e+00
   6.4000000e+01   0.0000000e+00   1.0000000e+02   2.4558760e+02   0.0000000e+00
   6.4000000e+01   0.0000000e+00   9.5000000e+01   2.4558760e+02  -4.2952922e-02
   6.4000000e+01   0.0000000e+00   9.0000000e+01   3.3202488e+02  -4.1441035e-02
   6.4000000e+01   0.0000000e+00   8.5000000e+01   1.1322755e+03  -3.1208270e-02
   6.4000000e+01   0.0000000e+00   8.0000000e+01   1.2222185e+03  -1.8879140e-02
   6.4000000e+01   0.0000000e+00   7.5000000e+01   1.2557527e+03  -7.6144620e-03
   6.4000000e+01   0.0000000e+00   7.0000000e+01   1.2502961e+03   0.0000000e+00
   6.4000000e+01   1.6000000e+01   1.0000000e+02   2.4563914e+02   0.0000000e+00
   6.4000000e+01   1.6000000e+01   9.5000000e+01   2.4563914e+02  -8.7466580e-02
   6.4000000e+01   1.6000000e+01   9.0000000e+01   3.3144915e+02  -8.7124927e-02
   6.4000000e+01   1.6000000e+01   8.5000000e+01   1.0370229e+03  -7.0451942e-02
   6.4000000e+01   1.6000000e+01   8.0000000e+01   1.1005580e+03  -6.3744676e-02
   6.4000000e+01   1.6000000e+01   7.5000000e+01   1.2018411e+03  -6.2166268e-02
   6.4000000e+01   1.6000000e+01   7.0000000e+01   1.2478775e+03  -3.0522959e-02
   6.4000000e+01   3.2000000e+01   1.0000000e+02   2.3389850e+02  -3.6107579e-04
   6.4000000e+01   3.2000000e+01   9.5000000e+01   2.3389850e+02  -2.6130659e-02
   6.4000000e+01   3.2000000e+01   9.0000000e+01   3.0091863e+02  -4.1327644e-02
   6.4000000e+01   3.2000000e+01   8.5000000e+01   7.5947279e+02  -7.3546411e-02
   6.4000000e+01   3.2000000e+01   8.0000000e+01   8.3492702e+02  -1.0082153e-01
   6.4000000e+01   3.2000000e+01   7.5000000e+01   1.0077913e+03  -1.2592879e-01
   6.4000000e+01   3.2000000e+01   7.0000000e+01   1.1857929e+03  -5.8556752e-02
   6.4000000e+01   4.8000000e+01   1.0000000e+02   2.2372086e+02  -2.3763108e-02
   6.4000000e+01   4.8000000e+01   9.5000000e+01   2.2372086e+02   6.7853207e-03
   6.4000000e+01   4.8000000e+01   9.0000000e+01   2.8067454e+02   6.5659902e-03
   6.4000000e+01   4.8000000e+01   8.5000000e+01   7.7763949e+02   2.2104865e-03
   6.4000000e+01   4.8000000e+01   8.0000000e+01   8.1735003e+02  -1.6798175e-03
   6.4000000e+01   4.8000000e+01   7.5000000e+01   9.6686989e+02  -2.6871767e-02
   6.4000000e+01   4.8000000e+01   7.0000000e+01   1.1057202e+03  -8.5608144e-02
   6.4000000e+01   6.4000000e+01   1.0000000e+02   2.1289295e+02  -1.1479418e-01
   6.4000000e+01   6.4000000e+01   9.5000000e+01   2.1289295e+02  -3.7144424e-03
   6.4000000e+01   6.4000000e+01   9.0000000e+01   2.6526886e+02   5.4741231e-04
   6.4000000e+01   6.4000000e+01   8.5000000e+01   7.6082858e+02   1.9681648e-03
   6.4000000e+01   6.4000000e+01   8.0000000e+01   8.1841619e+02  -1.4232084e-03
   6.4000000e+01   6.4000000e+01   7.5000000e+01   1.0073867e+03  -1.5103689e-02
   6.4000000e+01   6.4000000e+01   7.0000000e+01   1.2321689e+03  -1.8690085e-02
   6.4000000e+01   8.0000000e+01   1.0000000e+02   2.0765993e+02  -1.9494259e-01
   6.4000000e+01   8.0000000e+01   9.5000000e+01   2.0765993e+02   4.4876787e-03
   6.4000000e+01   8.0000000e+01   9.0000000e+01   2.5309039e+02   6.4891143e-03
   6.4000000e+01   8.0000000e+01   8.5000000e+01   7.8571819e+02   5.6296647e-03
   6.4000000e+01   8.0000000e+01   8.0000000e+01   8.3590938e+02  -1.1807086e-02
   6.4000000e+01   8.0000000e+01   7.5000000e+01   1.0728148e+03  -2.8408510e-02
   6.4000000e+01   8.0000000e+01   7.0000000e+01   1.5072976e+03  -4.0170646e-02
   6.4000000e+01   9.6000000e+01   1.0000000e+02   2.2536381e+02  -3.4375584e-02
   6.4000000e+01   9.6000000e+01   9.5000000e+01   2.2536381e+02  -6.0088228e-02
   6.4000000e+01   9.6000000e+01   9.0000000e+01   2.8719975e+02  -5.7321167e-02
   6.4000000e+01   9.6000000e+01   8.5000000e+01   9.6489346e+02  -4.9846949e-02
   6.4000000e+01   9.6000000e+01   8.0000000e+01   9.2456416e+02  -6.3522570e-02
   6.4000000e+01   9.6000000e+01   7.5000000e+01   1.4439572e+03  -3.7550143e-02
   6.4000000e+01   9.6000000e+01   7.0000000e+01   1.5862765e+03   2.3834335e-01
   6.4000000e+01   1.1200000e+02   1.0000000e+02   2.2226223e+02   0.0000000e+00
   6.4000000e+01   1.1200000e+02   9.5000000e+01   2.2226223e+02   3.0891911e-02
   6.4000000e+01   1.1200000e+02   9.0000000e+01   2.9171836e+02   6.5490705e-02
   6.4000000e+01   1.1200000e+02   8.5000000e+01   9.1707029e+02   1.1643972e-01
   6.4000000e+01   1.1200000e+02   8.0000000e+01   9.9106502e+02   1.5566429e-01
   6.4000000e+01   1.1200000e+02   7.5000000e+01   1.5304859e+03   1.9950667e-01
   6.4000000e+01   1.1200000e+02   7.0000000e+01   1.3245482e+03  -3.0045474e-03
   6.4000000e+01   1.2800000e+02   1.0000000e+02   2.2953424e+02   0.0000000e+00
   6.4000000e+01   1.2800000e+02   9.5000000e+01   2.2953424e+02   3.2513490e-02
   6.4000000e+01   1.2800000e+02   9.0000000e+01   3.0745033e+02   2.9247675e-02
   6.4000000e+01   1.2800000e+02   8.5000000e+01   9.2319773e+02   2.0595871e-02
   6.4000000e+01   1.2800000e+02   8.0000000e+01   1.1103046e+03   1.2127062e-02
   6.4000000e+01   1.2800000e+02   7.5000000e+01   1.3375948e+03   2.6110022e-03
   6.4000000e+01   1.2800000e+02   7.0000000e+01   1.2555441e+03   1.0127005e-03
   6.4000000e+01   1.4400000e+02   1.0000000e+02   2.3887341e+02   0.0000000e+00
   6.4000000e+01   1.4400000e+02   9.5000000e+01   2.3887341e+02   0.0000000e+00
   6.4000000e+01   1.4400000e+02   9.0000000e+01   3.2586550e+02   0.0000000e+00
   6.4000000e+01   1.4400000e+02   8.5000000e+01   1.1969261e+03   0.0000000e+00
   6.4000000e+01   1.4400000e+02   8.0000000e+01   1.2371550e+03   0.0000000e+00
   6.4000000e+01   1.4400000e+02   7.5000000e+01   1.2561723e+03   0.0000000e+00
   6.4000000e+01   1.4400000e+02   7.0000000e+01   1.2501659e+03   0.0000000e+00
   6.4000000e+01   1.6000000e+02   1.0000000e+02   2.4029646e+02   0.0000000e+00
   6.4000000e+01   1.6000000e+02   9.5000000e+01   2.4029646e+02   0.0000000e+00
   6.4000000e+01   1.6000000e+02   9.0000000e+01   3.2885619e+02   0.0000000e+00
   6.4000000e+01   1.6000000e+02   8.5000000e+01   1.2511162e+03   0.0000000e+00
   6.4000000e+01   1.6000000e+02   8.0000000e+01   1.2532970e+03   0.0000000e+00
   6.4000000e+01   1.6000000e+02   7.5000000e+01   1.2529722e+03   0.0000000e+00
   6.4000000e+01   1.6000000e+02   7.0000000e+01   1.2500003e+03   0.0000000e+00
   8.0000000e+01   0.0000000e+00   1.0000000e+02   2.2420715e+02   0.0000000e+00
   8.0000000e+01   0.0000000e+00   9.5000000e+01   2.2420715e+02  -1.1099328e-02
   8.0000000e+01   0.0000000e+00   9.0000000e+01   2.8329526e+02  -1.9637602e-02
   8.0000000e+01   0.0000000e+00   8.5000000e+01   7.8156152e+02  -2.5566099e-02
   8.0000000e+01   0.0000000e+00   8.0000000e+01   1.1962295e+03  -2.1356651e-02
   8.0000000e+01   0.0000000e+00   7.5000000e+01   1.3430631e+03  -3.5591701e-04
   8.0000000e+01   0.0000000e+00   7.0000000e+01   1.2513118e+03   0.0000000e+00
   8.0000000e+01   1.6000000e+01   1.0000000e+02   2.3713718e+02   0.0000000e+00
   8.0000000e+01   1.6000000e+01   9.5000000e+01   2.3713718e+02  -4.0403841e-02
   8.0000000e+01   1.6000000e+01   9.0000000e+01   3.0866937e+02  -3.8949314e-02
   8.0000000e+01   1.6000000e+01   8.5000000e+01   8.0608150e+02  -2.4672421e-02
   8.0000000e+01   1.6000000e+01   8.0000000e+01   1.0959156e+03  -2.9469034e-02
   8.0000000e+01   1.6000000e+01   7.5000000e+01   1.3484741e+03  -5.1906123e-02
   8.0000000e+01   1.6000000e+01   7.0000000e+01   1.2730463e+03  -1.0265626e-01
   8.0000000e+01   3.2000000e+01   1.0000000e+02   2.3345795e+02   0.0000000e+00
   8.0000000e+01   3.2000000e+01   9.5000000e+01   2.3345795e+02  -1.4750680e-02
   8.0000000e+01   3.2000000e+01   9.0000000e+01   3.0292404e+02  -2.5938539e-02
   8.0000000e+01   3.2000000e+01   8.5000000e+01   7.5110955e+02  -3.7020217e-02
   8.0000000e+01   3.2000000e+01   8.0000000e+01   9.4268296e+02  -4.6898264e-02
   8.0000000e+01   3.2000000e+01   7.5000000e+01   1.2073494e+03  -5.6757795e-02
   8.0000000e+01   3.2000000e+01   7.0000000e+01   1.4079660e+03  -1.6919082e-01
   8.0000000e+01   4.8000000e+01   1.0000000e+02   2.1379608e+02  -1.3813461e-01
   8.0000000e+01   4.8000000e+01   9.5000000e+01   2.1379608e+02   2.1884410e-02
   8.0000000e+01   4.8000000e+01   9.0000000e+01   2.7471847e+02   2.1362562e-02
   8.0000000e+01   4.8000000e+01   8.5000000e+01   8.5081189e+02   1.6948006e-02
   8.0000000e+01   4.8000000e+01   8.0000000e+01   8.5173272e+02   2.0899173e-02
   8.0000000e+01   4.8000000e+01   7.5000000e+01   1.0145817e+03   1.7877021e-03
   8.0000000e+01   4.8000000e+01   7.0000000e+01   1.5854977e+03  -4.6531492e-02
   8.0000000e+01   6.4000000e+01   1.0000000e+02   2.0955173e+02  -2.1823597e-01
   8.0000000e+01   6.4000000e+01   9.5000000e+01   2.0955173e+02  -2.5624519e-03
   8.0000000e+01   6.4000000e+01   9.0000000e+01   2.6879080e+02  -9.6916028e-03
   8.0000000e+01   6.4000000e+01   8.5000000e+01   9.1674055e+02  -1.7734945e-02
   8.0000000e+01   6.4000000e+01   8.0000000e+01   8.7893055e+02  -3.1225305e-02
   8.0000000e+01   6.4000000e+01   7.5000000e+01   9.9169403e+02  -3.1551799e-02
   8.0000000e+01   6.4000000e+01   7.0000000e+01   1.5558346e+03  -2.3863211e-02
   8.0000000e+01   8.0000000e+01   1.0000000e+02   1.9308711e+02  -1.1953719e-01
   8.0000000e+01   8.0000000e+01   9.5000000e+01   1.9308711e+02  -8.1185587e-03
   8.0000000e+01   8.0000000e+01   9.0000000e+01   2.4773592e+02  -7.7211394e-03
   8.0000000e+01   8.0000000e+01   8.5000000e+01   8.4297614e+02   1.8371012e-03
   8.0000000e+01   8.0000000e+01   8.0000000e+01   9.2851050e+02   1.5100888e-02
   8.0000000e+01   8.0000000e+01   7.5000000e+01   1.3553940e+03   2.6047421e-02
   8.0000000e+01   8.0000000e+01   7.0000000e+01   1.7404698e+03   9.7740197e-02
   8.0000000e+01   9.6000000e+01   1.0000000e+02   2.1371591e+02   2.1954618e-02
   8.0000000e+01   9.6000000e+01   9.5000000e+01   2.1371591e+02   6.0102112e-03
   8.0000000e+01   9.6000000e+01   9.0000000e+01   2.8333142e+02  -2.3411279e-03
   8.0000000e+01   9.6000000e+01   8.5000000e+01   1.0300781e+03  -1.7253998e-03
   8.0000000e+01   9.6000000e+01   8.0000000e+01   9.8619212e+02   1.6759296e-02
   8.0000000e+01   9.6000000e+01   7.5000000e+01   1.6497292e+03   9.2473757e-02
   8.0000000e+01   9.6000000e+01   7.0000000e+01   1.6793378e+03   2.2602156e-01
   8.0000000e+01   1.1200000e+02   1.0000000e+02   2.1625466e+02   0.0000000e+00
   8.0000000e+01   1.1200000e+02   9.5000000e+01   2.1625466e+02  -2.6715394e-02
   8.0000000e+01   1.1200000e+02   9.0000000e+01   2.8885022e+02  -1.4588580e-02
   8.0000000e+01   1.1200000e+02   8.5000000e+01   9.8242611e+02   3.5845417e-03
   8.0000000e+01   1.1200000e+02   8.0000000e+01   1.1394346e+03   2.1238461e-02
   8.0000000e+01   1.1200000e+02   7.5000000e+01   1.7397670e+03  -5.2038040e-02
   8.0000000e+01   1.1200000e+02   7.0000000e+01   1.3724846e+03  -8.6379363e-02
   8.0000000e+01   1.2800000e+02   1.0000000e+02   2.2551714e+02   0.0000000e+00
   8.0000000e+01   1.2800000e+02   9.5000000e+01   2.2551714e+02  -1.0089523e-02
   8.0000000e+01   1.2800000e+02   9.0000000e+01   3.0273564e+02  -4.1610053e-02
   8.0000000e+01   1.2800000e+02   8.5000000e+01   9.5047938e+02  -8.1059069e-02
   8.0000000e+01   1.2800000e+02   8.0000000e+01   1.2020401e+03  -1.0356234e-01
   8.0000000e+01   1.2800000e+02   7.5000000e+01   1.6913201e+03  -1.3671312e-01
   8.0000000e+01   1.2800000e+02   7.0000000e+01   1.2651753e+03   9.6271315e-04
   8.0000000e+01   1.4400000e+02   1.0000000e+02   2.4001572e+02   0.0000000e+00
   8.0000000e+01   1.4400000e+02   9.5000000e+01   2.4001572e+02   1.0547852e-02
   8.0000000e+01   1.4400000e+02   9.0000000e+01   3.3007467e+02   8.8580988e-03
   8.0000000e+01   1.4400000e+02   8.5000000e+01   1.2191004e+03   5.9010335e-03
   8.0000000e+01   1.4400000e+02   8.0000000e+01   1.3243399e+03   2.5215285e-03
   8.0000000e+01   1.4400000e+02   7.5000000e+01   1.3071255e+03   0.0000000e+00
   8.0000000e+01   1.4400000e+02   7.0000000e+01   1.2504302e+03   0.0000000e+00
   8.0000000e+01   1.6000000e+02   1.0000000e+02   2.4396756e+02   0.0000000e+00
   8.0000000e+01   1.6000000e+02   9.5000000e+01   2.4396756e+02   0.0000000e+00
   8.0000000e+01   1.6000000e+02   9.0000000e+01   3.3640759e+02   0.0000000e+00
   8.0000000e+01   1.6000000e+02   8.5000000e+01   1.3816072e+03   0.0000000e+00
   8.0000000e+01   1.6000000e+02   8.0000000e+01   1.3181937e+03   0.0000000e+00
   8.0000000e+01   1.6000000e+02   7.5000000e+01   1.2739257e+03   0.0000000e+00
   8.0000000e+01   1.6000000e+02   7.0000000e+01   1.2500009e+03   0.0000000e+00
   9.6000000e+01   0.0000000e+00   1.0000000e+02   2.1977609e+02   0.0000000e+00
   9.6000000e+01   0.0000000e+00   9.5000000e+01   2.1977609e+02   0.0000000e+00
   9.6000000e+01   0.0000000e+00   9.0000000e+01   2.9025463e+02   0.0000000e+00
   9.6000000e+01   0.0000000e+00   8.5000000e+01   9.2593138e+02   0.0000000e+00
   9.6000000e+01   0.0000000e+00   8.0000000e+01   1.1416537e+03   6.5624984e-05
   9.6000000e+01   0.0000000e+00   7.5000000e+01   1.2673666e+03   0.0000000e+00
   9.6000000e+01   0.0000000e+00   7.0000000e+01   1.2515317e+03   0.0000000e+00
   9.6000000e+01   1.6000000e+01   1.0000000e+02   2.2118538e+02   0.0000000e+00
   9.6000000e+01   1.6000000e+01   9.5000000e+01   2.2118538e+02  -2.7602858e-02
   9.6000000e+01   1.6000000e+01   9.0000000e+01   2.8299099e+02  -2.6698426e-02
   9.6000000e+01   1.6000000e+01   8.5000000e+01   8.3985869e+02  -1.9565319e-02
   9.6000000e+01   1.6000000e+01   8.0000000e+01   1.0682090e+03  -1.3683293e-02
   9.6000000e+01   1.6000000e+01   7.5000000e+01   1.4213928e+03  -3.9535552e-03
   9.6000000e+01   1.6000000e+01   7.0000000e+01   1.2630944e+03   2.3661360e-02
   9.6000000e+01   3.2000000e+01   1.0000000e+02   2.3061018e+02   0.0000000e+00
   9.6000000e+01   3.2000000e+01   9.5000000e+01   2.3061018e+02  -9.8158288e-03
   9.6000000e+01   3.2000000e+01   9.0000000e+01   3.0291361e+02  -2.8279330e-03
   9.6000000e+01   3.2000000e+01   8.5000000e+01   8.6049915e+02   1.0904545e-02
   9.6000000e+01   3.2000000e+01   8.0000000e+01   1.0325819e+03   9.4185830e-03
   9.6000000e+01   3.2000000e+01   7.5000000e+01   1.4020940e+03   4.6041721e-02
   9.6000000e+01   3.2000000e+01   7.0000000e+01   1.2932579e+03   1.5387437e-02
   9.6000000e+01   4.8000000e+01   1.0000000e+02   2.2412031e+02  -2.1874290e-04
   9.6000000e+01   4.8000000e+01   9.5000000e+01   2.2412031e+02   7.6613521e-03
   9.6000000e+01   4.8000000e+01   9.0000000e+01   3.0523039e+02   7.3952543e-03
   9.6000000e+01   4.8000000e+01   8.5000000e+01   9.9285899e+02  -5.3297737e-03
   9.6000000e+01   4.8000000e+01   8.0000000e+01   1.0580249e+03  -1.4350281e-02
   9.6000000e+01   4.8000000e+01   7.5000000e+01   1.1918223e+03  -3.2177877e-02
   9.6000000e+01   4.8000000e+01   7.0000000e+01   1.5363703e+03   3.8557742e-02
   9.6000000e+01   6.4000000e+01   1.0000000e+02   2.1364280e+02   7.4016488e-03
   9.6000000e+01   6.4000000e+01   9.5000000e+01   2.1364280e+02   2.1090238e-02
   9.6000000e+01   6.4000000e+01   9.0000000e+01   2.6899954e+02   1.8378280e-02
   9.6000000e+01   6.4000000e+01   8.5000000e+01   9.7773334e+02   1.2101944e-02
   9.6000000e+01   6.4000000e+01   8.0000000e+01   1.0254991e+03   8.0974584e-03
   9.6000000e+01   6.4000000e+01   7.5000000e+01   1.3008705e+03   1.9349640e-03
   9.6000000e+01   6.4000000e+01   7.0000000e+01   1.6903676e+03   6.5926041e-02
   9.6000000e+01   8.0000000e+01   1.0000000e+02   2.0742963e+02   6.2296283e-03
   9.6000000e+01   8.0000000e+01   9.5000000e+01   2.0742963e+02   1.9775527e-02
   9.6000000e+01   8.0000000e+01   9.0000000e+01   2.6675212e+02   2.7537959e-02
   9.6000000e+01   8.0000000e+01   8.5000000e+01   1.0336457e+03   3.0599682e-02
   9.6000000e+01   8.0000000e+01   8.0000000e+01   9.8572078e+02   4.6058121e-02
   9.6000000e+01   8.0000000e+01   7.5000000e+01   1.4116058e+03   4.1369910e-02
   9.6000000e+01   8.0000000e+01   7.0000000e+01   1.7191068e+03   2.9452194e-01
   9.6000000e+01   9.6000000e+01   1.0000000e+02   2.2726046e+02   1.2586766e-04
   9.6000000e+01   9.6000000e+01   9.5000000e+01   2.2726046e+02   7.6939990e-02
   9.6000000e+01   9.6000000e+01   9.0000000e+01   3.0385787e+02   8.4829274e-02
   9.6000000e+01   9.6000000e+01   8.5000000e+01   1.0279125e+03   8.9497113e-02
   9.6000000e+01   9.6000000e+01   8.0000000e+01   1.1443708e+03   8.9258747e-02
   9.6000000e+01   9.6000000e+01   7.5000000e+01   1.7543694e+03   8.6530355e-02
   9.6000000e+01   9.6000000e+01   7.0000000e+01   1.5552930e+03   3.7892781e-02
   9.6000000e+01   1.1200000e+02   1.0000000e+02   2.1797134e+02   0.0000000e+00
   9.6000000e+01   1.1200000e+02   9.5000000e+01   2.1797134e+02   2.2876222e-03
   9.6000000e+01   1.1200000e+02   9.0000000e+01   2.9233768e+02   9.3105722e-04
   9.6000000e+01   1.1200000e+02   8.5000000e+01   9.2146191e+02  -8.9334298e-03
   9.6000000e+01   1.1200000e+02   8.0000000e+01   1.1139740e+03  -1.5125690e-02
   9.6000000e+01   1.1200000e+02   7.5000000e+01   1.6572610e+03  -1.4484046e-02
   9.6000000e+01   1.1200000e+02   7.0000000e+01   1.3154443e+03  -1.2162606e-02
   9.6000000e+01   1.2800000e+02   1.0000000e+02   2.2791875e+02   0.0000000e+00
   9.6000000e+01   1.2800000e+02   9.5000000e+01   2.2791875e+02  -1.2717118e-02
   9.6000000e+01   1.2800000e+02   9.0000000e+01   3.0764075e+02  -1.1753532e-02
   9.6000000e+01   1.2800000e+02   8.5000000e+01   1.0473886e+03  -9.7830526e-03
   9.6000000e+01   1.2800000e+02   8.0000000e+01   1.3450480e+03  -4.7606137e-03
   9.6000000e+01   1.2800000e+02   7.5000000e+01   1.6028721e+03  -1.9178764e-04
   9.6000000e+01   1.2800000e+02   7.0000000e+01   1.2558576e+03   0.0000000e+00
   9.6000000e+01   1.4400000e+02   1.0000000e+02   2.4680601e+02   0.0000000e+00
   9.6000000e+01   1.4400000e+02   9.5000000e+01   2.4680601e+02  -3.2494228e-03
   9.6000000e+01   1.4400000e+02   9.0000000e+01   3.4113022e+02  -2.0600373e-03
   9.6000000e+01   1.4400000e+02   8.5000000e+01   1.4282261e+03  -5.6947460e-05
   9.6000000e+01   1.4400000e+02   8.0000000e+01   1.4601582e+03  -4.1467745e-05
   9.6000000e+01   1.4400000e+02   7.5000000e+01   1.3151069e+03   0.0000000e+00
   9.6000000e+01   1.4400000e+02   7.0000000e+01   1.2501951e+03   0.0000000e+00
   9.6000000e+01   1.6000000e+02   1.0000000e+02   2.5349145e+02   0.0000000e+00
   9.6000000e+01   1.6000000e+02   9.5000000e+01   2.5349145e+02   0.0000000e+00
   9.6000000e+01   1.6000000e+02   9.0000000e+01   3.5216449e+02   0.0000000e+00
   9.6000000e+01   1.6000000e+02   8.5000000e+01   1.5647791e+03   0.0000000e+00
   9.6000000e+01   1.6000000e+02   8.0000000e+01   1.3794524e+03   0.0000000e+00
   9.6000000e+01   1.6000000e+02   7.5000000e+01   1.2923819e+03   0.0000000e+00
   9.6000000e+01   1.6000000e+02   7.0000000e+01   1.2500002e+03   0.0000000e+00
   1.1200000e+02   0.0000000e+00   1.0000000e+02   2.3753272e+02   0.0000000e+00
   1.1200000e+02   0.0000000e+00   9.5000000e+01   2.3753272e+02   0.0000000e+00
   1.1200000e+02   0.0000000e+00   9.0000000e+01   3.2336872e+02   0.0000000e+00
   1.1200000e+02   0.0000000e+00   8.5000000e+01   1.1656823e+03   0.0000000e+00
   1.1200000e+02   0.0000000e+00   8.0000000e+01   1.2197995e+03   0.0000000e+00
   1.1200000e+02   0.0000000e+00   7.5000000e+01   1.2494443e+03   0.0000000e+00
   1.1200000e+02   0.0000000e+00   7.0000000e+01   1.2504086e+03   0.0000000e+00
   1.1200000e+02   1.6000000e+01   1.0000000e+02   2.3517564e+02   0.0000000e+00
   1.1200000e+02   1.6000000e+01   9.5000000e+01   2.3517564e+02   4.3950476e-03
   1.1200000e+02   1.6000000e+01   9.0000000e+01   3.1772541e+02   3.7473925e-03
   1.1200000e+02   1.6000000e+01   8.5000000e+01   1.1055247e+03   2.2361961e-03
   1.1200000e+02   1.6000000e+01   8.0000000e+01   1.2018727e+03   1.0018713e-03
   1.1200000e+02   1.6000000e+01   7.5000000e+01   1.2829363e+03   2.7098840e-04
   1.1200000e+02   1.6000000e+01   7.0000000e+01   1.2517461e+03   3.8864087e-04
   1.1200000e+02   3.2000000e+01   1.0000000e+02   2.2108316e+02   0.0000000e+00
   1.1200000e+02   3.2000000e+01   9.5000000e+01   2.2108316e+02   3.9120097e-02
   1.1200000e+02   3.2000000e+01   9.0000000e+01   2.9673848e+02   3.7183722e-02
   1.1200000e+02   3.2000000e+01   8.5000000e+01   9.8129955e+02   3.1256016e-02
   1.1200000e+02   3.2000000e+01   8.0000000e+01   1.2736344e+03   2.7584312e-02
   1.1200000e+02   3.2000000e+01   7.5000000e+01   1.6390431e+03   3.7766562e-02
   1.1200000e+02   3.2000000e+01   7.0000000e+01   1.2711503e+03   1.4079463e-02
   1.1200000e+02   4.8000000e+01   1.0000000e+02   2.2334589e+02   0.0000000e+00
   1.1200000e+02   4.8000000e+01   9.5000000e+01   2.2334589e+02   4.7291418e-03
   1.1200000e+02   4.8000000e+01   9.0000000e+01   3.1461736e+02   2.7053266e-02
   1.1200000e+02   4.8000000e+01   8.5000000e+01   1.0935103e+03   2.9974331e-02
   1.1200000e+02   4.8000000e+01   8.0000000e+01   1.2251937e+03   4.7517438e-02
   1.1200000e+02   4.8000000e+01   7.5000000e+01   1.6561465e+03   7.5773639e-02
   1.1200000e+02   4.8000000e+01   7.0000000e+01   1.3230216e+03   8.7034341e-02
   1.1200000e+02   6.4000000e+01   1.0000000e+02   2.2139330e+02   0.0000000e+00
   1.1200000e+02   6.4000000e+01   9.5000000e+01   2.2139330e+02   3.2467338e-02
   1.1200000e+02   6.4000000e+01   9.0000000e+01   2.8926002e+02   2.9423728e-02
   1.1200000e+02   6.4000000e+01   8.5000000e+01   1.0941543e+03   2.0310370e-02
   1.1200000e+02   6.4000000e+01   8.0000000e+01   1.0795892e+03   3.9796876e-02
   1.1200000e+02   6.4000000e+01   7.5000000e+01   1.6263970e+03   8.7793502e-02
   1.1200000e+02   6.4000000e+01   7.0000000e+01   1.5095595e+03   1.6858634e-01
   1.1200000e+02   8.0000000e+01   1.0000000e+02   2.1485638e+02   0.0000000e+00
   1.1200000e+02   8.0000000e+01   9.5000000e+01   2.1485638e+02   3.9916831e-02
   1.1200000e+02   8.0000000e+01   9.0000000e+01   2.8746529e+02   5.4737389e-02
   1.1200000e+02   8.0000000e+01   8.5000000e+01   9.0583281e+02   8.2925936e-02
   1.1200000e+02   8.0000000e+01   8.0000000e+01   1.1325787e+03   1.1184334e-01
   1.1200000e+02   8.0000000e+01   7.5000000e+01   1.7378416e+03   1.0166207e-01
   1.1200000e+02   8.0000000e+01   7.0000000e+01   1.5401152e+03   5.3966041e-02
   1.1200000e+02   9.6000000e+01   1.0000000e+02   2.1949283e+02   0.0000000e+00
   1.1200000e+02   9.6000000e+01   9.5000000e+01   2.1949283e+02  -6.8100153e-03
   1.1200000e+02   9.6000000e+01   9.0000000e+01   2.9540104e+02  -6.1072159e-03
   1.1200000e+02   9.6000000e+01   8.5000000e+01   8.9594144e+02  -6.5954376e-03
   1.1200000e+02   9.6000000e+01   8.0000000e+01   1.0717243e+03  -6.1244099e-03
   1.1200000e+02   9.6000000e+01   7.5000000e+01   1.6220093e+03  -2.4538355e-03
   1.1200000e+02   9.6000000e+01   7.0000000e+01   1.3694854e+03  -5.0418422e-03
   1.1200000e+02   1.1200000e+02   1.0000000e+02   2.3578671e+02   0.0000000e+00
   1.1200000e+02   1.1200000e+02   9.5000000e+01   2.3578671e+02   2.1689257e-03
   1.1200000e+02   1.1200000e+02   9.0000000e+01   3.1913186e+02   2.3124102e-03
   1.1200000e+02   1.1200000e+02   8.5000000e+01   1.1657270e+03   2.8939913e-03
   1.1200000e+02   1.1200000e+02   8.0000000e+01   1.3249118e+03   1.9709594e-03
   1.1200000e+02   1.1200000e+02   7.5000000e+01   1.5896764e+03   2.0983582e-04
   1.1200000e+02   1.1200000e+02   7.0000000e+01   1.2753607e+03   0.0000000e+00
   1.1200000e+02   1.2800000e+02   1.0000000e+02   2.5644089e+02   0.0000000e+00
   1.1200000e+02   1.2800000e+02   9.5000000e+01   2.5644089e+02   0.0000000e+00
   1.1200000e+02   1.2800000e+02   9.0000000e+01   3.5721240e+02   0.0000000e+00
   1.1200000e+02   1.2800000e+02   8.5000000e+01   1.5811181e+03   0.0000000e+00
   1.1200000e+02   1.2800000e+02   8.0000000e+01   1.4157872e+03   0.0000000e+00
   1.1200000e+02   1.2800000e+02   7.5000000e+01   1.3741016e+03   0.0000000e+00
   1.1200000e+02   1.2800000e+02   7.0000000e+01   1.2516311e+03   0.0000000e+00
   1.1200000e+02   1.4400000e+02   1.0000000e+02   2.4301496e+02   0.0000000e+00
   1.1200000e+02   1.4400000e+02   9.5000000e+01   2.4301496e+02   0.0000000e+00
   1.1200000e+02   1.4400000e+02   9.0000000e+01   3.3332590e+02   0.0000000e+00
   1.1200000e+02   1.4400000e+02   8.5000000e+01   1.3114799e+03   0.0000000e+00
   1.1200000e+02   1.4400000e+02   8.0000000e+01   1.2954801e+03   0.0000000e+00
   1.1200000e+02   1.4400000e+02   7.5000000e+01   1.2696212e+03   0.0000000e+00
   1.1200000e+02   1.4400000e+02   7.0000000e+01   1.2500292e+03   0.0000000e+00
   1.1200000e+02   1.6000000e+02   1.0000000e+02   2.4221840e+02   0.0000000e+00
   1.1200000e+02   1.6000000e+02   9.5000000e+01   2.4221840e+02   0.0000000e+00
   1.1200000e+02   1.6000000e+02   9.0000000e+01   3.3244031e+02   0.0000000e+00
   1.1200000e+02   1.6000000e+02   8.5000000e+01   1.3036307e+03   0.0000000e+00
   1.1200000e+02   1.6000000e+02   8.0000000e+01   1.2759608e+03   0.0000000e+00
   1.1200000e+02   1.6000000e+02   7.5000000e+01   1.2583707e+03   0.0000000e+00
   1.1200000e+02   1.6000000e+02   7.0000000e+01   1.2500001e+03   0.0000000e+00
   1.2800000e+02   0.0000000e+00   1.0000000e+02   2.3985943e+02   0.0000000e+00
   1.2800000e+02   0.0000000e+00   9.5000000e+01   2.3985943e+02   0.0000000e+00
   1.2800000e+02   0.0000000e+00   9.0000000e+01   3.2809235e+02   0.0000000e+00
   1.2800000e+02   0.0000000e+00   8.5000000e+01   1.2414908e+03   0.0000000e+00
   1.2800000e+02   0.0000000e+00   8.0000000e+01   1.2471861e+03   0.0000000e+00
   1.2800000e+02   0.0000000e+00   7.5000000e+01   1.2500751e+03   0.0000000e+00
   1.2800000e+02   0.0000000e+00   7.0000000e+01   1.2500341e+03   0.0000000e+00
   1.2800000e+02   1.6000000e+01   1.0000000e+02   2.3907420e+02   0.0000000e+00
   1.2800000e+02   1.6000000e+01   9.5000000e+01   2.3907420e+02   0.0000000e+00
   1.2800000e+02   1.6000000e+01   9.0000000e+01   3.2689893e+02   0.0000000e+00
   1.2800000e+02   1.6000000e+01   8.5000000e+01   1.2323543e+03   0.0000000e+00
   1.2800000e+02   1.6000000e+01   8.0000000e+01   1.2522144e+03   0.0000000e+00
   1.2800000e+02   1.6000000e+01   7.5000000e+01   1.2586389e+03   0.0000000e+00
   1.2800000e+02   1.6000000e+01   7.0000000e+01   1.2502026e+03   0.0000000e+00
   1.2800000e+02   3.2000000e+01   1.0000000e+02   2.2976764e+02   0.0000000e+00
   1.2800000e+02   3.2000000e+01   9.5000000e+01   2.2976764e+02   1.7761468e-02
   1.2800000e+02   3.2000000e+01   9.0000000e+01   3.1057798e+02   2.1190807e-02
   1.2800000e+02   3.2000000e+01   8.5000000e+01   1.0863555e+03   1.7432025e-02
   1.2800000e+02   3.2000000e+01   8.0000000e+01   1.2972868e+03   1.4597774e-02
   1.2800000e+02   3.2000000e+01   7.5000000e+01   1.3786228e+03   1.0528917e-02
   1.2800000e+02   3.2000000e+01   7.0000000e+01   1.2520447e+03   2.5033095e-04
   1.2800000e+02   4.8000000e+01   1.0000000e+02   2.1207203e+02   0.0000000e+00
   1.2800000e+02   4.8000000e+01   9.5000000e+01   2.1207203e+02   1.9939151e-02
   1.2800000e+02   4.8000000e+01   9.0000000e+01   2.7832272e+02   1.7237300e-02
   1.2800000e+02   4.8000000e+01   8.5000000e+01   8.7647269e+02   1.1708690e-02
   1.2800000e+02   4.8000000e+01   8.0000000e+01   1.2440721e+03   3.3271042e-02
   1.2800000e+02   4.8000000e+01   7.5000000e+01   1.5178386e+03   8.3564163e-02
   1.2800000e+02   4.8000000e+01   7.0000000e+01   1.2650522e+03   5.1130402e-02
   1.2800000e+02   6.4000000e+01   1.0000000e+02   2.2688550e+02   0.0000000e+00
   1.2800000e+02   6.4000000e+01   9.5000000e+01   2.2688550e+02   4.6955805e-02
   1.2800000e+02   6.4000000e+01   9.0000000e+01   3.1276051e+02   4.3999842e-02
   1.2800000e+02   6.4000000e+01   8.5000000e+01   9.7194602e+02   3.6168502e-02
   1.2800000e+02   6.4000000e+01   8.0000000e+01   1.1415039e+03   4.3492881e-02
   1.2800000e+02   6.4000000e+01   7.5000000e+01   1.6181130e+03   4.3603010e-02
   1.2800000e+02   6.4000000e+01   7.0000000e+01   1.2934075e+03   2.8241350e-02
   1.2800000e+02   8.0000000e+01   1.0000000e+02   2.3662855e+02   0.0000000e+00
   1.2800000e+02   8.0000000e+01   9.5000000e+01   2.3662855e+02   1.4286142e-02
   1.2800000e+02   8.0000000e+01   9.0000000e+01   3.2924959e+02   1.2055345e-02
   1.2800000e+02   8.0000000e+01   8.5000000e+01   1.0427959e+03   7.0299449e-03
   1.2800000e+02   8.0000000e+01   8.0000000e+01   1.2820235e+03   1.5249933e-03
   1.2800000e+02   8.0000000e+01   7.5000000e+01   1.6900636e+03  -1.7481399e-04
   1.2800000e+02   8.0000000e+01   7.0000000e+01   1.2865174e+03  -2.0778945e-04
   1.2800000e+02   9.6000000e+01   1.0000000e+02   2.2626020e+02   0.0000000e+00
   1.2800000e+02   9.6000000e+01   9.5000000e+01   2.2626020e+02   0.0000000e+00
   1.2800000e+02   9.6000000e+01   9.0000000e+01   3.0398296e+02   0.0000000e+00
   1.2800000e+02   9.6000000e+01   8.5000000e+01   9.6812530e+02   0.0000000e+00
   1.2800000e+02   9.6000000e+01   8.0000000e+01   1.1695973e+03   0.0000000e+00
   1.2800000e+02   9.6000000e+01   7.5000000e+01   1.3653582e+03   0.0000000e+00
   1.2800000e+02   9.6000000e+01   7.0000000e+01   1.2615774e+03   0.0000000e+00
   1.2800000e+02   1.1200000e+02   1.0000000e+02   2.3980590e+02   0.0000000e+00
   1.2800000e+02   1.1200000e+02   9.5000000e+01   2.3980590e+02   0.0000000e+00
   1.2800000e+02   1.1200000e+02   9.0000000e+01   3.2829187e+02   0.0000000e+00
   1.2800000e+02   1.1200000e+02   8.5000000e+01   1.2522342e+03   0.0000000e+00
   1.2800000e+02   1.1200000e+02   8.0000000e+01   1.2725746e+03   0.0000000e+00
   1.2800000e+02   1.1200000e+02   7.5000000e+01   1.2814715e+03   0.0000000e+00
   1.2800000e+02   1.1200000e+02   7.0000000e+01   1.2513890e+03   0.0000000e+00
   1.2800000e+02   1.2800000e+02   1.0000000e+02   2.4134072e+02   0.0000000e+00
   1.2800000e+02   1.2800000e+02   9.5000000e+01   2.4134072e+02   0.0000000e+00
   1.2800000e+02   1.2800000e+02   9.0000000e+01   3.3069602e+02   0.0000000e+00
   1.2800000e+02   1.2800000e+02   8.5000000e+01   1.2749413e+03   0.0000000e+00
   1.2800000e+02   1.2800000e+02   8.0000000e+01   1.2670676e+03   0.0000000e+00
   1.2800000e+02   1.2800000e+02   7.5000000e+01   1.2593662e+03   0.0000000e+00
   1.2800000e+02   1.2800000e+02   7.0000000e+01   1.2500872e+03   0.0000000e+00
   1.2800000e+02   1.4400000e+02   1.0000000e+02   2.4030973e+02   0.0000000e+00
   1.2800000e+02   1.4400000e+02   9.5000000e+01   2.4030973e+02   0.0000000e+00
   1.2800000e+02   1.4400000e+02   9.0000000e+01   3.2900836e+02   0.0000000e+00
   1.2800000e+02   1.4400000e+02   8.5000000e+01   1.2568150e+03   0.0000000e+00
   1.2800000e+02   1.4400000e+02   8.0000000e+01   1.2538252e+03   0.0000000e+00
   1.2800000e+02   1.4400000e+02   7.5000000e+01   1.2515651e+03   0.0000000e+00
   1.2800000e+02   1.4400000e+02   7.0000000e+01   1.2500014e+03   0.0000000e+00
   1.2800000e+02   1.6000000e+02   1.0000000e+02   2.4009778e+02   0.0000000e+00
   1.2800000e+02   1.6000000e+02   9.5000000e+01   2.4009778e+02   0.0000000e+00
   1.2800000e+02   1.6000000e+02   9.0000000e+01   3.2866782e+02   0.0000000e+00
   1.2800000e+02   1.6000000e+02   8.5000000e+01   1.2534431e+03   0.0000000e+00
   1.2800000e+02   1.6000000e+02   8.0000000e+01   1.2515207e+03   0.0000000e+00
   1.2800000e+02   1.6000000e+02   7.5000000e+01   1.2503801e+03   0.0000000e+00
   1.2800000e+02   1.6000000e+02   7.0000000e+01   1.2500000e+03   0.0000000e+00
   1.4400000e+02   0.0000000e+00   1.0000000e+02   2.3998002e+02   0.0000000e+00
   1.4400000e+02   0.0000000e+00   9.5000000e+01   2.3998002e+02   0.0000000e+00
   1.4400000e+02   0.0000000e+00   9.0000000e+01   3.2843240e+02   0.0000000e+00
   1.4400000e+02   0.0000000e+00   8.5000000e+01   1.2495727e+03   0.0000000e+00
   1.4400000e+02   0.0000000e+00   8.0000000e+01   1.2498462e+03   0.0000000e+00
   1.4400000e+02   0.0000000e+00   7.5000000e+01   1.2499887e+03   0.0000000e+00
   1.4400000e+02   0.0000000e+00   7.0000000e+01   1.2500001e+03   0.0000000e+00
   1.4400000e+02   1.6000000e+01   1.0000000e+02   2.3984992e+02   0.0000000e+00
   1.4400000e+02   1.6000000e+01   9.5000000e+01   2.3984992e+02   0.0000000e+00
   1.4400000e+02   1.6000000e+01   9.0000000e+01   3.2825646e+02   0.0000000e+00
   1.4400000e+02   1.6000000e+01   8.5000000e+01   1.2489885e+03   0.0000000e+00
   1.4400000e+02   1.6000000e+01   8.0000000e+01   1.2514678e+03   0.0000000e+00
   1.4400000e+02   1.6000000e+01   7.5000000e+01   1.2518137e+03   0.0000000e+00
   1.4400000e+02   1.6000000e+01   7.0000000e+01   1.2500169e+03   0.0000000e+00
   1.4400000e+02   3.2000000e+01   1.0000000e+02   2.3761959e+02   0.0000000e+00
   1.4400000e+02   3.2000000e+01   9.5000000e+01   2.3761959e+02   2.2220229e-03
   1.4400000e+02   3.2000000e+01   9.0000000e+01   3.2482148e+02   1.5364353e-03
   1.4400000e+02   3.2000000e+01   8.5000000e+01   1.2291542e+03   6.3544002e-04
   1.4400000e+02   3.2000000e+01   8.0000000e+01   1.2786825e+03  -9.9989854e-05
   1.4400000e+02   3.2000000e+01   7.5000000e+01   1.2694247e+03  -3.2695311e-05
   1.4400000e+02   3.2000000e+01   7.0000000e+01   1.2501492e+03   0.0000000e+00
   1.4400000e+02   4.8000000e+01   1.0000000e+02   2.2541616e+02   0.0000000e+00
   1.4400000e+02   4.8000000e+01   9.5000000e+01   2.2541616e+02   4.3816030e-02
   1.4400000e+02   4.8000000e+01   9.0000000e+01   3.0549877e+02   5.6791860e-02
   1.4400000e+02   4.8000000e+01   8.5000000e+01   1.1000520e+03   6.5364036e-02
   1.4400000e+02   4.8000000e+01   8.0000000e+01   1.3549137e+03   6.2356895e-02
   1.4400000e+02   4.8000000e+01   7.5000000e+01   1.3521142e+03   2.1590963e-03
   1.4400000e+02   4.8000000e+01   7.0000000e+01   1.2507155e+03   0.0000000e+00
   1.4400000e+02   6.4000000e+01   1.0000000e+02   2.3253626e+02   0.0000000e+00
   1.4400000e+02   6.4000000e+01   9.5000000e+01   2.3253626e+02   0.0000000e+00
   1.4400000e+02   6.4000000e+01   9.0000000e+01   3.2193047e+02  -3.5811996e-04
   1.4400000e+02   6.4000000e+01   8.5000000e+01   1.1203838e+03   2.8093197e-03
   1.4400000e+02   6.4000000e+01   8.0000000e+01   1.3285338e+03   5.3490535e-04
   1.4400000e+02   6.4000000e+01   7.5000000e+01   1.4510921e+03   0.0000000e+00
   1.4400000e+02   6.4000000e+01   7.0000000e+01   1.2524472e+03   0.0000000e+00
   1.4400000e+02   8.0000000e+01   1.0000000e+02   2.3804534e+02   0.0000000e+00
   1.4400000e+02   8.0000000e+01   9.5000000e+01   2.3804534e+02   0.0000000e+00
   1.4400000e+02   8.0000000e+01   9.0000000e+01   3.2608308e+02   0.0000000e+00
   1.4400000e+02   8.0000000e+01   8.5000000e+01   1.1485877e+03   0.0000000e+00
   1.4400000e+02   8.0000000e+01   8.0000000e+01   1.2508425e+03   0.0000000e+00
   1.4400000e+02   8.0000000e+01   7.5000000e+01   1.2986474e+03   0.0000000e+00
   1.4400000e+02   8.0000000e+01   7.0000000e+01   1.2516894e+03   0.0000000e+00
   1.4400000e+02   9.6000000e+01   1.0000000e+02   2.3813049e+02   0.0000000e+00
   1.4400000e+02   9.6000000e+01   9.5000000e+01   2.3813049e+02   0.0000000e+00
   1.4400000e+02   9.6000000e+01   9.0000000e+01   3.2512280e+02   0.0000000e+00
   1.4400000e+02   9.6000000e+01   8.5000000e+01   1.2072927e+03   0.0000000e+00
   1.4400000e+02   9.6000000e+01   8.0000000e+01   1.2469617e+03   0.0000000e+00
   1.4400000e+02   9.6000000e+01   7.5000000e+01   1.2619270e+03   0.0000000e+00
   1.4400000e+02   9.6000000e+01   7.0000000e+01   1.2505712e+03   0.0000000e+00
   1.4400000e+02   1.1200000e+02   1.0000000e+02   2.3984799e+02   0.0000000e+00
   1.4400000e+02   1.1200000e+02   9.5000000e+01   2.3984799e+02   0.0000000e+00
   1.4400000e+02   1.1200000e+02   9.0000000e+01   3.2821504e+02   0.0000000e+00
   1.4400000e+02   1.1200000e+02   8.5000000e+01   1.2472994e+03   0.0000000e+00
   1.4400000e+02   1.1200000e+02   8.0000000e+01   1.2513398e+03   0.0000000e+00
   1.4400000e+02   1.1200000e+02   7.5000000e+01   1.2522706e+03   0.0000000e+00
   1.4400000e+02   1.1200000e+02   7.0000000e+01   1.2500647e+03   0.0000000e+00
   1.4400000e+02   1.2800000e+02   1.0000000e+02   2.4002899e+02   0.0000000e+00
   1.4400000e+02   1.2800000e+02   9.5000000e+01   2.4002899e+02   0.0000000e+00
   1.4400000e+02   1.2800000e+02   9.0000000e+01   3.2851421e+02   0.0000000e+00
   1.4400000e+02   1.2800000e+02   8.5000000e+01   1.2504704e+03   0.0000000e+00
   1.4400000e+02   1.2800000e+02   8.0000000e+01   1.2503403e+03   0.0000000e+00
   1.4400000e+02   1.2800000e+02   7.5000000e+01   1.2501842e+03   0.0000000e+00
   1.4400000e+02   1.2800000e+02   7.0000000e+01   1.2500023e+03   0.0000000e+00
   1.4400000e+02   1.4400000e+02   1.0000000e+02   2.4000312e+02   0.0000000e+00
   1.4400000e+02   1.4400000e+02   9.5000000e+01   2.4000312e+02   0.0000000e+00
   1.4400000e+02   1.4400000e+02   9.0000000e+01   3.2847155e+02   0.0000000e+00
   1.4400000e+02   1.4400000e+02   8.5000000e+01   1.2500206e+03   0.0000000e+00
   1.4400000e+02   1.4400000e+02   8.0000000e+01   1.2500081e+03   0.0000000e+00
   1.4400000e+02   1.4400000e+02   7.5000000e+01   1.2500013e+03   0.0000000e+00
   1.4400000e+02   1.4400000e+02   7.0000000e+01   1.2500001e+03   0.0000000e+00
   1.4400000e+02   1.6000000e+02   1.0000000e+02   2.3999998e+02   0.0000000e+00
   1.4400000e+02   1.6000000e+02   9.5000000e+01   2.3999998e+02   0.0000000e+00
   1.4400000e+02   1.6000000e+02   9.0000000e+01   3.2846717e+02   0.0000000e+00
   1.4400000e+02   1.6000000e+02   8.5000000e+01   1.2500001e+03   0.0000000e+00
   1.4400000e+02   1.6000000e+02   8.0000000e+01   1.2500001e+03   0.0000000e+00
   1.4400000e+02   1.6000000e+02   7.5000000e+01   1.2500000e+03   0.0000000e+00
   1.4400000e+02   1.6000000e+02   7.0000000e+01   1.2500001e+03   0.0000000e+00
   1.6000000e+02   0.0000000e+00   1.0000000e+02   2.3999998e+02   0.0000000e+00
   1.6000000e+02   0.0000000e+00   9.5000000e+01   2.3999998e+02   0.0000000e+00
   1.6000000e+02   0.0000000e+00   9.0000000e+01   3.2846719e+02   0.0000000e+00
   1.6000000e+02   0.0000000e+00   8.5000000e+01   1.2500000e+03   0.0000000e+00
   1.6000000e+02   0.0000000e+00   8.0000000e+01   1.2500000e+03   0.0000000e+00
   1.6000000e+02   0.0000000e+00   7.5000000e+01   1.2500000e+03   0.0000000e+00
   1.6000000e+02   0.0000000e+00   7.0000000e+01   1.2500000e+03   0.0000000e+00
   1.6000000e+02   1.6000000e+01   1.0000000e+02   2.3995826e+02   0.0000000e+00
   1.6000000e+02   1.6000000e+01   9.5000000e+01   2.3995826e+02   0.0000000e+00
   1.6000000e+02   1.6000000e+01   9.0000000e+01   3.2842942e+02   0.0000000e+00
   1.6000000e+02   1.6000000e+01   8.5000000e+01   1.2506242e+03   0.0000000e+00
   1.6000000e+02   1.6000000e+01   8.0000000e+01   1.2509581e+03   0.0000000e+00
   1.6000000e+02   1.6000000e+01   7.5000000e+01   1.2507499e+03   0.0000000e+00
   1.6000000e+02   1.6000000e+01   7.0000000e+01   1.2500001e+03   0.0000000e+00
   1.6000000e+02   3.2000000e+01   1.0000000e+02   2.3894693e+02   0.0000000e+00
   1.6000000e+02   3.2000000e+01   9.5000000e+01   2.3894693e+02   0.0000000e+00
   1.6000000e+02   3.2000000e+01   9.0000000e+01   3.2732116e+02   0.0000000e+00
   1.6000000e+02   3.2000000e+01   8.5000000e+01   1.2582131e+03   0.0000000e+00
   1.6000000e+02   3.2000000e+01   8.0000000e+01   1.2644440e+03   0.0000000e+00
   1.6000000e+02   3.2000000e+01   7.5000000e+01   1.2601850e+03   0.0000000e+00
   1.6000000e+02   3.2000000e+01   7.0000000e+01   1.2500031e+03   0.0000000e+00
   1.6000000e+02   4.8000000e+01   1.0000000e+02   2.3224447e+02   0.0000000e+00
   1.6000000e+02   4.8000000e+01   9.5000000e+01   2.3224447e+02   0.0000000e+00
   1.6000000e+02   4.8000000e+01   9.0000000e+01   3.1950930e+02   0.0000000e+00
   1.6000000e+02   4.8000000e+01   8.5000000e+01   1.2864083e+03   0.0000000e+00
   1.6000000e+02   4.8000000e+01   8.0000000e+01   1.3716396e+03   0.0000000e+00
   1.6000000e+02   4.8000000e+01   7.5000000e+01   1.3131103e+03   0.0000000e+00
   1.6000000e+02   4.8000000e+01   7.0000000e+01   1.2500399e+03   0.0000000e+00
   1.6000000e+02   6.4000000e+01   1.0000000e+02   2.4045013e+02   0.0000000e+00
   1.6000000e+02   6.4000000e+01   9.5000000e+01   2.4045013e+02   0.0000000e+00
   1.6000000e+02   6.4000000e+01   9.0000000e+01   3.3298140e+02   0.0000000e+00
   1.6000000e+02   6.4000000e+01   8.5000000e+01   1.3046089e+03   0.0000000e+00
   1.6000000e+02   6.4000000e+01   8.0000000e+01   1.3802058e+03   0.0000000e+00
   1.6000000e+02   6.4000000e+01   7.5000000e+01   1.3515278e+03   0.0000000e+00
   1.6000000e+02   6.4000000e+01   7.0000000e+01   1.2501713e+03   0.0000000e+00
   1.6000000e+02   8.0000000e+01   1.0000000e+02   2.4019595e+02   0.0000000e+00
   1.6000000e+02   8.0000000e+01   9.5000000e+01   2.4019595e+02   0.0000000e+00
   1.6000000e+02   8.0000000e+01   9.0000000e+01   3.2813022e+02   0.0000000e+00
   1.6000000e+02   8.0000000e+01   8.5000000e+01   1.2254911e+03   0.0000000e+00
   1.6000000e+02   8.0000000e+01   8.0000000e+01   1.2591875e+03   0.0000000e+00
   1.6000000e+02   8.0000000e+01   7.5000000e+01   1.2677264e+03   0.0000000e+00
   1.6000000e+02   8.0000000e+01   7.0000000e+01   1.2500762e+03   0.0000000e+00
   1.6000000e+02   9.6000000e+01   1.0000000e+02   2.3962634e+02   0.0000000e+00
   1.6000000e+02   9.6000000e+01   9.5000000e+01   2.3962634e+02   0.0000000e+00
   1.6000000e+02   9.6000000e+01   9.0000000e+01   3.2775463e+02   0.0000000e+00
   1.6000000e+02   9.6000000e+01   8.5000000e+01   1.2393828e+03   0.0000000e+00
   1.6000000e+02   9.6000000e+01   8.0000000e+01   1.2489144e+03   0.0000000e+00
   1.6000000e+02   9.6000000e+01   7.5000000e+01   1.2525013e+03   0.0000000e+00
   1.6000000e+02   9.6000000e+01   7.0000000e+01   1.2500115e+03   0.0000000e+00
   1.6000000e+02   1.1200000e+02   1.0000000e+02   2.3994246e+02   0.0000000e+00
   1.6000000e+02   1.1200000e+02   9.5000000e+01   2.3994246e+02   0.0000000e+00
   1.6000000e+02   1.1200000e+02   9.0000000e+01   3.2837241e+02   0.0000000e+00
   1.6000000e+02   1.1200000e+02   8.5000000e+01   1.2490050e+03   0.0000000e+00
   1.6000000e+02   1.1200000e+02   8.0000000e+01   1.2496490e+03   0.0000000e+00
   1.6000000e+02   1.1200000e+02   7.5000000e+01   1.2499811e+03   0.0000000e+00
   1.6000000e+02   1.1200000e+02   7.0000000e+01   1.2500001e+03   0.0000000e+00
   1.6000000e+02   1.2800000e+02   1.0000000e+02   2.3999999e+02   0.0000000e+00
   1.6000000e+02   1.2800000e+02   9.5000000e+01   2.3999999e+02   0.0000000e+00
   1.6000000e+02   1.2800000e+02   9.0000000e+01   3.2846717e+02   0.0000000e+00
   1.6000000e+02   1.2800000e+02   8.5000000e+01   1.2500000e+03   0.0000000e+00
   1.6000000e+02   1.2800000e+02   8.0000000e+01   1.2500000e+03   0.0000000e+00
   1.6000000e+02   1.2800000e+02   7.5000000e+01   1.2500001e+03   0.0000000e+00
   1.6000000e+02   1.2800000e+02   7.0000000e+01   1.2500000e+03   0.0000000e+00
   1.6000000e+02   1.4400000e+02   1.0000000e+02   2.3999998e+02   0.0000000e+00
   1.6000000e+02   1.4400000e+02   9.5000000e+01   2.3999998e+02   0.0000000e+00
   1.6000000e+02   1.4400000e+02   9.0000000e+01   3.2846718e+02   0.0000000e+00
   1.6000000e+02   1.4400000e+02   8.5000000e+01   1.2500001e+03   0.0000000e+00
   1.6000000e+02   1.4400000e+02   8.0000000e+01   1.2500001e+03   0.0000000e+00
   1.6000000e+02   1.4400000e+02   7.5000000e+01   1.2500001e+03   0.0000000e+00
   1.6000000e+02   1.4400000e+02   7.0000000e+01   1.2500001e+03   0.0000000e+00
   1.6000000e+02   1.6000000e+02   1.0000000e+02   2.3999998e+02   0.0000000e+00
   1.6000000e+02   1.6000000e+02   9.5000000e+01   2.3999998e+02   0.0000000e+00
   1.6000000e+02   1.6000000e+02   9.0000000e+01   3.2846722e+02   0.0000000e+00
   1.6000000e+02   1.6000000e+02   8.5000000e+01   1.2500001e+03   0.0000000e+00
   1.6000000e+02   1.6000000e+02   8.0000000e+01   1.2500001e+03   0.0000000e+00
   1.6000000e+02   1.6000000e+02   7.5000000e+01   1.2500001e+03   0.0000000e+00
   1.6000000e+02   1.6000000e+02   7.0000000e+01   1.2500001e+03   0.0000000e+00
