   0.0000000e+00   0.0000000e+00   1.0000000e+02   2.3999998e+02   0.0000000e+00
   0.0000000e+00   0.0000000e+00   9.5000000e+01   2.3999998e+02   0.0000000e+00
   0.0000000e+00   0.0000000e+00   9.0000000e+01   3.2846722e+02   0.0000000e+00
   0.0000000e+00   0.0000000e+00   8.5000000e+01   1.2500000e+03   0.0000000e+00
   0.0000000e+00   0.0000000e+00   8.0000000e+01   1.2500001e+03   0.0000000e+00
   0.0000000e+00   0.0000000e+00   7.5000000e+01   1.2500000e+03   0.0000000e+00
   0.0000000e+00   0.0000000e+00   7.0000000e+01   1.2500000e+03   0.0000000e+00
   0.0000000e+00   1.6000000e+01   1.0000000e+02   2.3999998e+02   0.0000000e+00
   0.0000000e+00   1.6000000e+01   9.5000000e+01   2.3999998e+02   0.0000000e+00
   0.0000000e+00   1.6000000e+01   9.0000000e+01   3.2846718e+02   0.0000000e+00
   0.0000000e+00   1.6000000e+01   8.5000000e+01   1.2500001e+03   0.0000000e+00
   0.0000000e+00   1.6000000e+01   8.0000000e+01   1.2500000e+03   0.0000000e+00
   0.0000000e+00   1.6000000e+01   7.5000000e+01   1.2500000e+03   0.0000000e+00
   0.0000000e+00   1.6000000e+01   7.0000000e+01   1.2500001e+03   0.0000000e+00
   0.0000000e+00   3.2000000e+01   1.0000000e+02   2.3999998e+02   0.0000000e+00
   0.0000000e+00   3.2000000e+01   9.5000000e+01   2.3999998e+02   0.0000000e+00
   0.0000000e+00   3.2000000e+01   9.0000000e+01   3.2846717e+02   0.0000000e+00
   0.0000000e+00   3.2000000e+01   8.5000000e+01   1.2500001e+03   0.0000000e+00
   0.0000000e+00   3.2000000e+01   8.0000000e+01   1.2500000e+03   0.0000000e+00
   0.0000000e+00   3.2000000e+01   7.5000000e+01   1.2500001e+03   0.0000000e+00
   0.0000000e+00   3.2000000e+01   7.0000000e+01   1.2500001e+03   0.0000000e+00
   0.0000000e+00   4.8000000e+01   1.0000000e+02   2.3999998e+02   0.0000000e+00
   0.0000000e+00   4.8000000e+01   9.5000000e+01   2.3999998e+02   0.0000000e+00
   0.0000000e+00   4.8000000e+01   9.0000000e+01   3.2846712e+02   0.0000000e+00
   0.0000000e+00   4.8000000e+01   8.5000000e+01   1.2499992e+03   0.0000000e+00
   0.0000000e+00   4.8000000e+01   8.0000000e+01   1.2499977e+03   0.0000000e+00
   0.0000000e+00   4.8000000e+01   7.5000000e+01   1.2499979e+03   0.0000000e+00
   0.0000000e+00   4.8000000e+01   7.0000000e+01   1.2500000e+03   0.0000000e+00
   0.0000000e+00   6.4000000e+01   1.0000000e+02   2.3995364e+02   0.0000000e+00
   0.0000000e+00   6.4000000e+01   9.5000000e+01   2.3995364e+02   0.0000000e+00
   0.0000000e+00   6.4000000e+01   9.0000000e+01   3.2835201e+02   0.0000000e+00
   0.0000000e+00   6.4000000e+01   8.5000000e+01   1.2475206e+03   0.0000000e+00
   0.0000000e+00   6.4000000e+01   8.0000000e+01   1.2489791e+03   0.0000000e+00
   0.0000000e+00   6.4000000e+01   7.5000000e+01   1.2498076e+03   0.0000000e+00
   0.0000000e+00   6.4000000e+01   7.0000000e+01   1.2499996e+03   0.0000000e+00
   0.0000000e+00   8.0000000e+01   1.0000000e+02   2.3969124e+02   0.0000000e+00
   0.0000000e+00   8.0000000e+01   9.5000000e+01   2.3969124e+02   0.0000000e+00
   0.0000000e+00   8.0000000e+01   9.0000000e+01   3.2770142e+02   0.0000000e+00
   0.0000000e+00   8.0000000e+01   8.5000000e+01   1.2336425e+03   0.0000000e+00
   0.0000000e+00   8.0000000e+01   8.0000000e+01   1.2433293e+03   0.0000000e+00
   0.0000000e+00   8.0000000e+01   7.5000000e+01   1.2488191e+03   0.0000000e+00
   0.0000000e+00   8.0000000e+01   7.0000000e+01   1.2499989e+03   0.0000000e+00
   0.0000000e+00   9.6000000e+01   1.0000000e+02   2.3539312e+02   0.0000000e+00
   0.0000000e+00   9.6000000e+01   9.5000000e+01   2.3539312e+02   0.0000000e+00
   0.0000000e+00   9.6000000e+01   9.0000000e+01   3.1998876e+02   0.0000000e+00
   0.0000000e+00   9.6000000e+01   8.5000000e+01   1.1415621e+03   0.0000000e+00
   0.0000000e+00   9.6000000e+01   8.0000000e+01   1.2082284e+03   0.0000000e+00
   0.0000000e+00   9.6000000e+01   7.5000000e+01   1.2462090e+03   0.0000000e+00
   0.0000000e+00   9.6000000e+01   7.0000000e+01   1.2499999e+03   0.0000000e+00
   0.0000000e+00   1.1200000e+02   1.0000000e+02   2.3787966e+02   0.0000000e+00
   0.0000000e+00   1.1200000e+02   9.5000000e+01   2.3787966e+02   0.0000000e+00
   0.0000000e+00   1.1200000e+02   9.0000000e+01   3.2430278e+02   0.0000000e+00
   0.0000000e+00   1.1200000e+02   8.5000000e+01   1.1903196e+03   0.0000000e+00
   0.0000000e+00   1.1200000e+02   8.0000000e+01   1.2269605e+03   0.0000000e+00
   0.0000000e+00   1.1200000e+02   7.5000000e+01   1.2471836e+03   0.0000000e+00
   0.0000000e+00   1.1200000e+02   7.0000000e+01   1.2500001e+03   0.0000000e+00
   0.0000000e+00   1.2800000e+02   1.0000000e+02   2.3982187e+02   0.0000000e+00
   0.0000000e+00   1.2800000e+02   9.5000000e+01   2.3982187e+02   0.0000000e+00
   0.0000000e+00   1.2800000e+02   9.0000000e+01   3.2811128e+02   0.0000000e+00
   0.0000000e+00   1.2800000e+02   8.5000000e+01   1.2442885e+03   0.0000000e+00
   0.0000000e+00   1.2800000e+02   8.0000000e+01   1.2477754e+03   0.0000000e+00
   0.0000000e+00   1.2800000e+02   7.5000000e+01   1.2497043e+03   0.0000000e+00
   0.0000000e+00   1.2800000e+02   7.0000000e+01   1.2500000e+03   0.0000000e+00
   0.0000000e+00   1.4400000e+02   1.0000000e+02   2.3999998e+02   0.0000000e+00
   0.0000000e+00   1.4400000e+02   9.5000000e+01   2.3999998e+02   0.0000000e+00
   0.0000000e+00   1.4400000e+02   9.0000000e+01   3.2846718e+02   0.0000000e+00
   0.0000000e+00   1.4400000e+02   8.5000000e+01   1.2500000e+03   0.0000000e+00
   0.0000000e+00   1.4400000e+02   8.0000000e+01   1.2500000e+03   0.0000000e+00
   0.0000000e+00   1.4400000e+02   7.5000000e+01   1.2500001e+03   0.0000000e+00
   0.0000000e+00   1.4400000e+02   7.0000000e+01   1.2500001e+03   0.0000000e+00
   0.0000000e+00   1.6000000e+02   1.0000000e+02   2.3999998e+02   0.0000000e+00
   0.0000000e+00   1.6000000e+02   9.5000000e+01   2.3999998e+02   0.0000000e+00
   0.0000000e+00   1.6000000e+02   9.0000000e+01   3.2846722e+02   0.0000000e+00
   0.0000000e+00   1.6000000e+02   8.5000000e+01   1.2500001e+03   0.0000000e+00
   0.0000000e+00   1.6000000e+02   8.0000000e+01   1.2500001e+03   0.0000000e+00
   0.0000000e+00   1.6000000e+02   7.5000000e+01   1.2500001e+03   0.0000000e+00
   0.0000000e+00   1.6000000e+02   7.0000000e+01   1.2500001e+03   0.0000000e+00
   1.6000000e+01   0.0000000e+00   1.0000000e+02   2.3999998e+02   0.0000000e+00
   1.6000000e+01   0.0000000e+00   9.5000000e+01   2.3999998e+02   0.0000000e+00
   1.6000000e+01   0.0000000e+00   9.0000000e+01   3.2846717e+02   0.0000000e+00
   1.6000000e+01   0.0000000e+00   8.5000000e+01   1.2500001e+03   0.0000000e+00
   1.6000000e+01   0.0000000e+00   8.0000000e+01   1.2500000e+03   0.0000000e+00
   1.6000000e+01   0.0000000e+00   7.5000000e+01   1.2500001e+03   0.0000000e+00
   1.6000000e+01   0.0000000e+00   7.0000000e+01   1.2500001e+03   0.0000000e+00
   1.6000000e+01   1.6000000e+01   1.0000000e+02   2.3999998e+02   0.0000000e+00
   1.6000000e+01   1.6000000e+01   9.5000000e+01   2.3999998e+02   0.0000000e+00
   1.6000000e+01   1.6000000e+01   9.0000000e+01   3.2846716e+02   0.0000000e+00
   1.6000000e+01   1.6000000e+01   8.5000000e+01   1.2500000e+03   0.0000000e+00
   1.6000000e+01   1.6000000e+01   8.0000000e+01   1.2499995e+03   0.0000000e+00
   1.6000000e+01   1.6000000e+01   7.5000000e+01   1.2499994e+03   0.0000000e+00
   1.6000000e+01   1.6000000e+01   7.0000000e+01   1.2499997e+03   0.0000000e+00
   1.6000000e+01   3.2000000e+01   1.0000000e+02   2.3998404e+02   0.0000000e+00
   1.6000000e+01   3.2000000e+01   9.5000000e+01   2.3998404e+02   0.0000000e+00
   1.6000000e+01   3.2000000e+01   9.0000000e+01   3.2843634e+02   0.0000000e+00
   1.6000000e+01   3.2000000e+01   8.5000000e+01   1.2495266e+03   0.0000000e+00
   1.6000000e+01   3.2000000e+01   8.0000000e+01   1.2497697e+03   0.0000000e+00
   1.6000000e+01   3.2000000e+01   7.5000000e+01   1.2499219e+03   0.0000000e+00
   1.6000000e+01   3.2000000e+01   7.0000000e+01   1.2499824e+03   0.0000000e+00
   1.6000000e+01   4.8000000e+01   1.0000000e+02   2.3981073e+02   0.0000000e+00
   1.6000000e+01   4.8000000e+01   9.5000000e+01   2.3981073e+02   0.0000000e+00
   1.6000000e+01   4.8000000e+01   9.0000000e+01   3.2804743e+02   0.0000000e+00
   1.6000000e+01   4.8000000e+01   8.5000000e+01   1.2420987e+03   0.0000000e+00
   1.6000000e+01   4.8000000e+01   8.0000000e+01   1.2461809e+03   0.0000000e+00
   1.6000000e+01   4.8000000e+01   7.5000000e+01   1.2487692e+03  -5.1845592e-04
   1.6000000e+01   4.8000000e+01   7.0000000e+01   1.2498280e+03   0.0000000e+00
   1.6000000e+01   6.4000000e+01   1.0000000e+02   2.3918898e+02   0.0000000e+00
   1.6000000e+01   6.4000000e+01   9.5000000e+01   2.3918898e+02   0.0000000e+00
   1.6000000e+01   6.4000000e+01   9.0000000e+01   3.2652267e+02   0.0000000e+00
   1.6000000e+01   6.4000000e+01   8.5000000e+01   1.2107764e+03   0.0000000e+00
   1.6000000e+01   6.4000000e+01   8.0000000e+01   1.2287789e+03  -7.5958341e-04
   1.6000000e+01   6.4000000e+01   7.5000000e+01   1.2424237e+03  -2.9441818e-03
   1.6000000e+01   6.4000000e+01   7.0000000e+01   1.2495566e+03  -8.4566568e-03
   1.6000000e+01   8.0000000e+01   1.0000000e+02   2.3787925e+02   0.0000000e+00
   1.6000000e+01   8.0000000e+01   9.5000000e+01   2.3787925e+02  -2.3573866e-02
   1.6000000e+01   8.0000000e+01   9.0000000e+01   3.2416039e+02  -4.8208566e-02
   1.6000000e+01   8.0000000e+01   8.5000000e+01   1.1729806e+03  -6.9584118e-02
   1.6000000e+01   8.0000000e+01   8.0000000e+01   1.1966029e+03  -1.0553275e-01
   1.6000000e+01   8.0000000e+01   7.5000000e+01   1.2307109e+03  -7.9345318e-02
   1.6000000e+01   8.0000000e+01   7.0000000e+01   1.2493276e+03  -2.3567957e-02
   1.6000000e+01   9.6000000e+01   1.0000000e+02   2.3348063e+02   0.0000000e+00
   1.6000000e+01   9.6000000e+01   9.5000000e+01   2.3348063e+02  -3.2022826e-02
   1.6000000e+01   9.6000000e+01   9.0000000e+01   3.1340789e+02  -2.9687756e-02
   1.6000000e+01   9.6000000e+01   8.5000000e+01   1.0749022e+03  -2.2225036e-02
   1.6000000e+01   9.6000000e+01   8.0000000e+01   1.1807850e+03  -1.3103614e-02
   1.6000000e+01   9.6000000e+01   7.5000000e+01   1.2359026e+03  -5.9396569e-03
   1.6000000e+01   9.6000000e+01   7.0000000e+01   1.2499811e+03  -4.8096433e-04
   1.6000000e+01   1.1200000e+02   1.0000000e+02   2.3697475e+02   0.0000000e+00
   1.6000000e+01   1.1200000e+02   9.5000000e+01   2.3697475e+02   0.0000000e+00
   1.6000000e+01   1.1200000e+02   9.0000000e+01   3.2149056e+02   0.0000000e+00
   1.6000000e+01   1.1200000e+02   8.5000000e+01   1.1350162e+03   0.0000000e+00
   1.6000000e+01   1.1200000e+02   8.0000000e+01   1.1993816e+03   0.0000000e+00
   1.6000000e+01   1.1200000e+02   7.5000000e+01   1.2400521e+03   0.0000000e+00
   1.6000000e+01   1.1200000e+02   7.0000000e+01   1.2500125e+03   0.0000000e+00
   1.6000000e+01   1.2800000e+02   1.0000000e+02   2.3978839e+02   0.0000000e+00
   1.6000000e+01   1.2800000e+02   9.5000000e+01   2.3978839e+02   0.0000000e+00
   1.6000000e+01   1.2800000e+02   9.0000000e+01   3.2795212e+02   0.0000000e+00
   1.6000000e+01   1.2800000e+02   8.5000000e+01   1.2393129e+03   0.0000000e+00
   1.6000000e+01   1.2800000e+02   8.0000000e+01   1.2452172e+03   0.0000000e+00
   1.6000000e+01   1.2800000e+02   7.5000000e+01   1.2488731e+03   0.0000000e+00
   1.6000000e+01   1.2800000e+02   7.0000000e+01   1.2500004e+03   0.0000000e+00
   1.6000000e+01   1.4400000e+02   1.0000000e+02   2.4000405e+02   0.0000000e+00
   1.6000000e+01   1.4400000e+02   9.5000000e+01   2.4000405e+02   0.0000000e+00
   1.6000000e+01   1.4400000e+02   9.0000000e+01   3.2846694e+02   0.0000000e+00
   1.6000000e+01   1.4400000e+02   8.5000000e+01   1.2497698e+03   0.0000000e+00
   1.6000000e+01   1.4400000e+02   8.0000000e+01   1.2498944e+03   0.0000000e+00
   1.6000000e+01   1.4400000e+02   7.5000000e+01   1.2499713e+03   0.0000000e+00
   1.6000000e+01   1.4400000e+02   7.0000000e+01   1.2500001e+03   0.0000000e+00
   1.6000000e+01   1.6000000e+02   1.0000000e+02   2.3999998e+02   0.0000000e+00
   1.6000000e+01   1.6000000e+02   9.5000000e+01   2.3999998e+02   0.0000000e+00
   1.6000000e+01   1.6000000e+02   9.0000000e+01   3.2846717e+02   0.0000000e+00
   1.6000000e+01   1.6000000e+02   8.5000000e+01   1.2500001e+03   0.0000000e+00
   1.6000000e+01   1.6000000e+02   8.0000000e+01   1.2500002e+03   0.0000000e+00
   1.6000000e+01   1.6000000e+02   7.5000000e+01   1.2500002e+03   0.0000000e+00
   1.6000000e+01   1.6000000e+02   7.0000000e+01   1.2500001e+03   0.0000000e+00
   3.2000000e+01   0.0000000e+00   1.0000000e+02   2.3999762e+02   0.0000000e+00
   3.2000000e+01   0.0000000e+00   9.5000000e+01   2.3999762e+02   0.0000000e+00
   3.2000000e+01   0.0000000e+00   9.0000000e+01   3.2845655e+02   0.0000000e+00
   3.2000000e+01   0.0000000e+00   8.5000000e+01   1.2496679e+03   0.0000000e+00
   3.2000000e+01   0.0000000e+00   8.0000000e+01   1.2497926e+03   0.0000000e+00
   3.2000000e+01   0.0000000e+00   7.5000000e+01   1.2499033e+03   0.0000000e+00
   3.2000000e+01   0.0000000e+00   7.0000000e+01   1.2499997e+03   0.0000000e+00
   3.2000000e+01   1.6000000e+01   1.0000000e+02   2.3994796e+02   0.0000000e+00
   3.2000000e+01   1.6000000e+01   9.5000000e+01   2.3994796e+02   0.0000000e+00
   3.2000000e+01   1.6000000e+01   9.0000000e+01   3.2831488e+02   0.0000000e+00
   3.2000000e+01   1.6000000e+01   8.5000000e+01   1.2462753e+03   0.0000000e+00
   3.2000000e+01   1.6000000e+01   8.0000000e+01   1.2481098e+03   0.0000000e+00
   3.2000000e+01   1.6000000e+01   7.5000000e+01   1.2493508e+03   0.0000000e+00
   3.2000000e+01   1.6000000e+01   7.0000000e+01   1.2499687e+03   0.0000000e+00
   3.2000000e+01   3.2000000e+01   1.0000000e+02   2.3939714e+02   0.0000000e+00
   3.2000000e+01   3.2000000e+01   9.5000000e+01   2.3939714e+02   0.0000000e+00
   3.2000000e+01   3.2000000e+01   9.0000000e+01   3.2714502e+02   0.0000000e+00
   3.2000000e+01   3.2000000e+01   8.5000000e+01   1.2256946e+03   0.0000000e+00
   3.2000000e+01   3.2000000e+01   8.0000000e+01   1.2347681e+03  -1.2649041e-03
   3.2000000e+01   3.2000000e+01   7.5000000e+01   1.2432327e+03  -3.7520261e-04
   3.2000000e+01   3.2000000e+01   7.0000000e+01   1.2488195e+03  -7.3094954e-03
   3.2000000e+01   4.8000000e+01   1.0000000e+02   2.3636811e+02  -5.9728844e-03
   3.2000000e+01   4.8000000e+01   9.5000000e+01   2.3636811e+02  -1.6897239e-02
   3.2000000e+01   4.8000000e+01   9.0000000e+01   3.2146115e+02  -1.6009595e-02
   3.2000000e+01   4.8000000e+01   8.5000000e+01   1.1514016e+03  -1.1422211e-02
   3.2000000e+01   4.8000000e+01   8.0000000e+01   1.1726404e+03  -6.5938585e-03
   3.2000000e+01   4.8000000e+01   7.5000000e+01   1.2099184e+03  -3.3435536e-03
   3.2000000e+01   4.8000000e+01   7.0000000e+01   1.2363755e+03  -1.1599571e-02
   3.2000000e+01   6.4000000e+01   1.0000000e+02   2.3409497e+02  -1.6511461e-02
   3.2000000e+01   6.4000000e+01   9.5000000e+01   2.3409497e+02  -9.9971009e-03
   3.2000000e+01   6.4000000e+01   9.0000000e+01   3.1420259e+02  -1.2182281e-02
   3.2000000e+01   6.4000000e+01   8.5000000e+01   9.6800326e+02  -1.2520470e-02
   3.2000000e+01   6.4000000e+01   8.0000000e+01   1.0230189e+03  -4.0424503e-02
   3.2000000e+01   6.4000000e+01   7.5000000e+01   1.1393128e+03  -5.7043109e-02
   3.2000000e+01   6.4000000e+01   7.0000000e+01   1.2201104e+03  -2.5013282e-02
   3.2000000e+01   8.0000000e+01   1.0000000e+02   2.3523337e+02  -1.6581920e-02
   3.2000000e+01   8.0000000e+01   9.5000000e+01   2.3523337e+02  -3.7353770e-02
   3.2000000e+01   8.0000000e+01   9.0000000e+01   3.0647240e+02  -3.6138751e-02
   3.2000000e+01   8.0000000e+01   8.5000000e+01   8.7437589e+02  -2.5979853e-02
   3.2000000e+01   8.0000000e+01   8.0000000e+01   9.3759307e+02  -2.0474866e-02
   3.2000000e+01   8.0000000e+01   7.5000000e+01   1.0884543e+03  -2.8074182e-02
   3.2000000e+01   8.0000000e+01   7.0000000e+01   1.2307835e+03  -9.0896113e-02
   3.2000000e+01   9.6000000e+01   1.0000000e+02   2.2830302e+02  -5.9044723e-03
   3.2000000e+01   9.6000000e+01   9.5000000e+01   2.2830302e+02   2.2329128e-03
   3.2000000e+01   9.6000000e+01   9.0000000e+01   2.8634969e+02   2.9110060e-03
   3.2000000e+01   9.6000000e+01   8.5000000e+01   8.2343068e+02   2.1012870e-03
   3.2000000e+01   9.6000000e+01   8.0000000e+01   9.4101813e+02  -4.7915163e-02
   3.2000000e+01   9.6000000e+01   7.5000000e+01   1.1545473e+03  -2.7729161e-02
   3.2000000e+01   9.6000000e+01   7.0000000e+01   1.2621210e+03  -5.5815189e-03
   3.2000000e+01   1.1200000e+02   1.0000000e+02   2.3167526e+02   0.0000000e+00
   3.2000000e+01   1.1200000e+02   9.5000000e+01   2.3167526e+02   2.7454699e-02
   3.2000000e+01   1.1200000e+02   9.0000000e+01   3.0770610e+02   1.1089989e-02
   3.2000000e+01   1.1200000e+02   8.5000000e+01   9.1847126e+02  -1.3425901e-02
   3.2000000e+01   1.1200000e+02   8.0000000e+01   1.0327849e+03  -1.5982498e-02
   3.2000000e+01   1.1200000e+02   7.5000000e+01   1.1974228e+03  -4.4898570e-04
   3.2000000e+01   1.1200000e+02   7.0000000e+01   1.2500385e+03  -5.9188513e-04
   3.2000000e+01   1.2800000e+02   1.0000000e+02   2.3942932e+02   0.0000000e+00
   3.2000000e+01   1.2800000e+02   9.5000000e+01   2.3942932e+02   0.0000000e+00
   3.2000000e+01   1.2800000e+02   9.0000000e+01   3.2656002e+02   0.0000000e+00
   3.2000000e+01   1.2800000e+02   8.5000000e+01   1.1932326e+03   0.0000000e+00
   3.2000000e+01   1.2800000e+02   8.0000000e+01   1.2194663e+03   0.0000000e+00
   3.2000000e+01   1.2800000e+02   7.5000000e+01   1.2435260e+03   0.0000000e+00
   3.2000000e+01   1.2800000e+02   7.0000000e+01   1.2500409e+03   0.0000000e+00
   3.2000000e+01   1.4400000e+02   1.0000000e+02   2.3999123e+02   0.0000000e+00
   3.2000000e+01   1.4400000e+02   9.5000000e+01   2.3999123e+02   0.0000000e+00
   3.2000000e+01   1.4400000e+02   9.0000000e+01   3.2834775e+02   0.0000000e+00
   3.2000000e+01   1.4400000e+02   8.5000000e+01   1.2453607e+03   0.0000000e+00
   3.2000000e+01   1.4400000e+02   8.0000000e+01   1.2478794e+03   0.0000000e+00
   3.2000000e+01   1.4400000e+02   7.5000000e+01   1.2494386e+03   0.0000000e+00
   3.2000000e+01   1.4400000e+02   7.0000000e+01   1.2500008e+03   0.0000000e+00
   3.2000000e+01   1.6000000e+02   1.0000000e+02   2.3999953e+02   0.0000000e+00
   3.2000000e+01   1.6000000e+02   9.5000000e+01   2.3999953e+02   0.0000000e+00
   3.2000000e+01   1.6000000e+02   9.0000000e+01   3.2846644e+02   0.0000000e+00
   3.2000000e+01   1.6000000e+02   8.5000000e+01   1.2499922e+03   0.0000000e+00
   3.2000000e+01   1.6000000e+02   8.0000000e+01   1.2499967e+03   0.0000000e+00
   3.2000000e+01   1.6000000e+02   7.5000000e+01   1.2499995e+03   0.0000000e+00
   3.2000000e+01   1.6000000e+02   7.0000000e+01   1.2500001e+03   0.0000000e+00
   4.8000000e+01   0.0000000e+00   1.0000000e+02   2.4074023e+02   0.0000000e+00
   4.8000000e+01   0.0000000e+00   9.5000000e+01   2.4074023e+02   0.0000000e+00
   4.8000000e+01   0.0000000e+00   9.0000000e+01   3.2926186e+02   0.0000000e+00
   4.8000000e+01   0.0000000e+00   8.5000000e+01   1.2444417e+03   0.0000000e+00
   4.8000000e+01   0.0000000e+00   8.0000000e+01   1.2472207e+03   0.0000000e+00
   4.8000000e+01   0.0000000e+00   7.5000000e+01   1.2490810e+03   0.0000000e+00
   4.8000000e+01   0.0000000e+00   7.0000000e+01   1.2500121e+03   0.0000000e+00
   4.8000000e+01   1.6000000e+01   1.0000000e+02   2.4000635e+02   0.0000000e+00
   4.8000000e+01   1.6000000e+01   9.5000000e+01   2.4000635e+02  -1.0535378e-02
   4.8000000e+01   1.6000000e+01   9.0000000e+01   3.2758595e+02  -9.6494740e-03
   4.8000000e+01   1.6000000e+01   8.5000000e+01   1.2103189e+03  -8.5220249e-03
   4.8000000e+01   1.6000000e+01   8.0000000e+01   1.2226587e+03  -1.2897551e-02
   4.8000000e+01   1.6000000e+01   7.5000000e+01   1.2392617e+03  -1.4806597e-02
   4.8000000e+01   1.6000000e+01   7.0000000e+01   1.2497370e+03  -6.7626749e-03
   4.8000000e+01   3.2000000e+01   1.0000000e+02   2.3438009e+02   0.0000000e+00
   4.8000000e+01   3.2000000e+01   9.5000000e+01   2.3438009e+02  -1.4014183e-02
   4.8000000e+01   3.2000000e+01   9.0000000e+01   3.1441423e+02  -1.2585482e-02
   4.8000000e+01   3.2000000e+01   8.5000000e+01   9.8919698e+02  -9.2317536e-03
   4.8000000e+01   3.2000000e+01   8.0000000e+01   1.0270055e+03  -6.6787359e-03
   4.8000000e+01   3.2000000e+01   7.5000000e+01   1.1282889e+03  -1.0705799e-02
   4.8000000e+01   3.2000000e+01   7.0000000e+01   1.2248394e+03  -2.2897334e-02
   4.8000000e+01   4.8000000e+01   1.0000000e+02   2.1922701e+02  -1.4205828e-02
   4.8000000e+01   4.8000000e+01   9.5000000e+01   2.1922701e+02  -4.2664934e-02
   4.8000000e+01   4.8000000e+01   9.0000000e+01   2.7671268e+02  -5.9966893e-02
   4.8000000e+01   4.8000000e+01   8.5000000e+01   7.7788895e+02  -6.1711219e-02
   4.8000000e+01   4.8000000e+01   8.0000000e+01   8.2733196e+02  -6.4350505e-02
   4.8000000e+01   4.8000000e+01   7.5000000e+01   9.7811634e+02  -3.7986721e-02
   4.8000000e+01   4.8000000e+01   7.0000000e+01   1.1812509e+03  -2.7307743e-02
   4.8000000e+01   6.4000000e+01   1.0000000e+02   2.2055834e+02  -1.6012644e-02
   4.8000000e+01   6.4000000e+01   9.5000000e+01   2.2055834e+02  -3.2829437e-02
   4.8000000e+01   6.4000000e+01   9.0000000e+01   2.7477771e+02  -3.1817391e-02
   4.8000000e+01   6.4000000e+01   8.5000000e+01   7.3769632e+02  -2.8076972e-02
   4.8000000e+01   6.4000000e+01   8.0000000e+01   8.1759942e+02  -3.5945003e-02
   4.8000000e+01   6.4000000e+01   7.5000000e+01   9.7331102e+02  -7.3156443e-02
   4.8000000e+01   6.4000000e+01   7.0000000e+01   1.1302413e+03  -9.5669076e-02
   4.8000000e+01   8.0000000e+01   1.0000000e+02   2.1004225e+02  -2.2548568e-02
   4.8000000e+01   8.0000000e+01   9.5000000e+01   2.1004225e+02  -2.1573679e-02
   4.8000000e+01   8.0000000e+01   9.0000000e+01   2.6286408e+02  -1.9887246e-02
   4.8000000e+01   8.0000000e+01   8.5000000e+01   7.2896095e+02  -1.1366015e-02
   4.8000000e+01   8.0000000e+01   8.0000000e+01   8.6390157e+02  -6.0294871e-03
   4.8000000e+01   8.0000000e+01   7.5000000e+01   1.0147270e+03  -1.5965434e-02
   4.8000000e+01   8.0000000e+01   7.0000000e+01   1.1838480e+03  -7.2016401e-02
   4.8000000e+01   9.6000000e+01   1.0000000e+02   2.2989631e+02  -8.4455519e-02
   4.8000000e+01   9.6000000e+01   9.5000000e+01   2.2989631e+02  -1.0246733e-02
   4.8000000e+01   9.6000000e+01   9.0000000e+01   2.9666123e+02  -9.6821160e-03
   4.8000000e+01   9.6000000e+01   8.5000000e+01   8.4696078e+02  -9.3084394e-03
   4.8000000e+01   9.6000000e+01   8.0000000e+01   8.8014042e+02   1.3015370e-02
   4.8000000e+01   9.6000000e+01   7.5000000e+01   1.1464756e+03   2.0251853e-03
   4.8000000e+01   9.6000000e+01   7.0000000e+01   1.2818256e+03  -7.1150917e-02
   4.8000000e+01   1.1200000e+02   1.0000000e+02   2.3839751e+02  -5.1420411e-04
   4.8000000e+01   1.1200000e+02   9.5000000e+01   2.3839751e+02   2.5967044e-03
   4.8000000e+01   1.1200000e+02   9.0000000e+01   3.1532032e+02   7.7668103e-03
   4.8000000e+01   1.1200000e+02   8.5000000e+01   9.3012828e+02   5.8841760e-03
   4.8000000e+01   1.1200000e+02   8.0000000e+01   9.8104087e+02   1.7622533e-02
   4.8000000e+01   1.1200000e+02   7.5000000e+01   1.2716232e+03   1.2967343e-02
   4.8000000e+01   1.1200000e+02   7.0000000e+01   1.2591715e+03   8.4936816e-03
   4.8000000e+01   1.2800000e+02   1.0000000e+02   2.3772965e+02   0.0000000e+00
   4.8000000e+01   1.2800000e+02   9.5000000e+01   2.3772965e+02   2.1987098e-04
   4.8000000e+01   1.2800000e+02   9.0000000e+01   3.2057241e+02   2.6645503e-05
   4.8000000e+01   1.2800000e+02   8.5000000e+01   1.0238011e+03  -4.4830153e-04
   4.8000000e+01   1.2800000e+02   8.0000000e+01   1.1234025e+03  -1.3982084e-04
   4.8000000e+01   1.2800000e+02   7.5000000e+01   1.2330788e+03  -6.9910532e-05
   4.8000000e+01   1.2800000e+02   7.0000000e+01   1.2507373e+03   0.0000000e+00
   4.8000000e+01   1.4400000e+02   1.0000000e+02   2.3962730e+02   0.0000000e+00
   4.8000000e+01   1.4400000e+02   9.5000000e+01   2.3962730e+02   0.0000000e+00
   4.8000000e+01   1.4400000e+02   9.0000000e+01   3.2721534e+02   0.0000000e+00
   4.8000000e+01   1.4400000e+02   8.5000000e+01   1.2170366e+03   0.0000000e+00
   4.8000000e+01   1.4400000e+02   8.0000000e+01   1.2354677e+03   0.0000000e+00
   4.8000000e+01   1.4400000e+02   7.5000000e+01   1.2466905e+03   0.0000000e+00
   4.8000000e+01   1.4400000e+02   7.0000000e+01   1.2500193e+03   0.0000000e+00
   4.8000000e+01   1.6000000e+02   1.0000000e+02   2.3995389e+02   0.0000000e+00
   4.8000000e+01   1.6000000e+02   9.5000000e+01   2.3995389e+02   0.0000000e+00
   4.8000000e+01   1.6000000e+02   9.0000000e+01   3.2834982e+02   0.0000000e+00
   4.8000000e+01   1.6000000e+02   8.5000000e+01   1.2474075e+03   0.0000000e+00
   4.8000000e+01   1.6000000e+02   8.0000000e+01   1.2490480e+03   0.0000000e+00
   4.8000000e+01   1.6000000e+02   7.5000000e+01   1.2499136e+03   0.0000000e+00
   4.8000000e+01   1.6000000e+02   7.0000000e+01   1.2500000e+03   0.0000000e+00
   6.4000000e+01   0.0000000e+00   1.0000000e+02   2.4558760e+02   0.0000000e+00
   6.4000000e+01   0.0000000e+00   9.5000000e+01   2.4558760e+02  -5.3697545e-02
   6.4000000e+01   0.0000000e+00   9.0000000e+01   3.3202488e+02  -5.1572183e-02
   6.4000000e+01   0.0000000e+00   8.5000000e+01   1.1322755e+03  -3.6736192e-02
   6.4000000e+01   0.0000000e+00   8.0000000e+01   1.2222185e+03  -1.9711171e-02
   6.4000000e+01   0.0000000e+00   7.5000000e+01   1.2557527e+03  -6.6041171e-03
   6.4000000e+01   0.0000000e+00   7.0000000e+01   1.2502961e+03   0.0000000e+00
   6.4000000e+01   1.6000000e+01   1.0000000e+02   2.4563914e+02   0.0000000e+00
   6.4000000e+01   1.6000000e+01   9.5000000e+01   2.4563914e+02  -1.6351016e-01
   6.4000000e+01   1.6000000e+01   9.0000000e+01   3.3144915e+02  -1.6620999e-01
   6.4000000e+01   1.6000000e+01   8.5000000e+01   1.0370229e+03  -1.3822182e-01
   6.4000000e+01   1.6000000e+01   8.0000000e+01   1.1005580e+03  -1.2432940e-01
   6.4000000e+01   1.6000000e+01   7.5000000e+01   1.2018411e+03  -9.5780251e-02
   6.4000000e+01   1.6000000e+01   7.0000000e+01   1.2478775e+03  -4.4211904e-02
   6.4000000e+01   3.2000000e+01   1.0000000e+02   2.3389850e+02  -1.8978676e-03
   6.4000000e+01   3.2000000e+01   9.5000000e+01   2.3389850e+02  -7.2550528e-02
   6.4000000e+01   3.2000000e+01   9.0000000e+01   3.0091863e+02  -7.2442699e-02
   6.4000000e+01   3.2000000e+01   8.5000000e+01   7.5947279e+02  -7.8620411e-02
   6.4000000e+01   3.2000000e+01   8.0000000e+01   8.3492702e+02  -6.6264397e-02
   6.4000000e+01   3.2000000e+01   7.5000000e+01   1.0077913e+03  -5.4738272e-02
   6.4000000e+01   3.2000000e+01   7.0000000e+01   1.1857929e+03  -7.4060996e-02
   6.4000000e+01   4.8000000e+01   1.0000000e+02   2.2372086e+02  -2.3166812e-02
   6.4000000e+01   4.8000000e+01   9.5000000e+01   2.2372086e+02  -2.2624920e-02
   6.4000000e+01   4.8000000e+01   9.0000000e+01   2.8067454e+02  -2.1511430e-02
   6.4000000e+01   4.8000000e+01   8.5000000e+01   7.7763949e+02  -2.0088333e-02
   6.4000000e+01   4.8000000e+01   8.0000000e+01   8.1735003e+02  -3.7804895e-02
   6.4000000e+01   4.8000000e+01   7.5000000e+01   9.6686989e+02  -4.5518259e-02
   6.4000000e+01   4.8000000e+01   7.0000000e+01   1.1057202e+03  -4.9451190e-02
   6.4000000e+01   6.4000000e+01   1.0000000e+02   2.1289295e+02  -5.5013259e-02
   6.4000000e+01   6.4000000e+01   9.5000000e+01   2.1289295e+02  -1.6760817e-02
   6.4000000e+01   6.4000000e+01   9.0000000e+01   2.6526886e+02  -1.6114529e-02
   6.4000000e+01   6.4000000e+01   8.5000000e+01   7.6082858e+02  -1.7723017e-02
   6.4000000e+01   6.4000000e+01   8.0000000e+01   8.1841619e+02  -1.6920882e-02
   6.4000000e+01   6.4000000e+01   7.5000000e+01   1.0073867e+03  -1.5504819e-02
   6.4000000e+01   6.4000000e+01   7.0000000e+01   1.2321689e+03  -5.0486273e-02
   6.4000000e+01   8.0000000e+01   1.0000000e+02   2.0765993e+02  -2.4286966e-01
   6.4000000e+01   8.0000000e+01   9.5000000e+01   2.0765993e+02   1.0405835e-03
   6.4000000e+01   8.0000000e+01   9.0000000e+01   2.5309039e+02   2.7667108e-03
   6.4000000e+01   8.0000000e+01   8.5000000e+01   7.8571819e+02   1.6073202e-03
   6.4000000e+01   8.0000000e+01   8.0000000e+01   8.3590938e+02  -5.6277437e-03
   6.4000000e+01   8.0000000e+01   7.5000000e+01   1.0728148e+03  -2.1164944e-02
   6.4000000e+01   8.0000000e+01   7.0000000e+01   1.5072976e+03  -1.0030848e-01
   6.4000000e+01   9.6000000e+01   1.0000000e+02   2.2536381e+02  -1.9482235e-01
   6.4000000e+01   9.6000000e+01   9.5000000e+01   2.2536381e+02  -3.3939729e-03
   6.4000000e+01   9.6000000e+01   9.0000000e+01   2.8719975e+02  -4.3186393e-03
   6.4000000e+01   9.6000000e+01   8.5000000e+01   9.6489346e+02  -9.5350769e-03
   6.4000000e+01   9.6000000e+01   8.0000000e+01   9.2456416e+02  -2.0200151e-02
   6.4000000e+01   9.6000000e+01   7.5000000e+01   1.4439572e+03  -2.6394304e-02
   6.4000000e+01   9.6000000e+01   7.0000000e+01   1.5862765e+03  -3.1107910e-02
   6.4000000e+01   1.1200000e+02   1.0000000e+02   2.2226223e+02   0.0000000e+00
   6.4000000e+01   1.1200000e+02   9.5000000e+01   2.2226223e+02   4.7610946e-02
   6.4000000e+01   1.1200000e+02   9.0000000e+01   2.9171836e+02   3.3057285e-02
   6.4000000e+01   1.1200000e+02   8.5000000e+01   9.1707029e+02   4.4247527e-02
   6.4000000e+01   1.1200000e+02   8.0000000e+01   9.9106502e+02   2.5814689e-02
   6.4000000e+01   1.1200000e+02   7.5000000e+01   1.5304859e+03   1.0639151e-02
   6.4000000e+01   1.1200000e+02   7.0000000e+01   1.3245482e+03   1.9981715e-02
   6.4000000e+01   1.2800000e+02   1.0000000e+02   2.2953424e+02   0.0000000e+00
   6.4000000e+01   1.2800000e+02   9.5000000e+01   2.2953424e+02   2.8979739e-02
   6.4000000e+01   1.2800000e+02   9.0000000e+01   3.0745033e+02   2.5544953e-02
   6.4000000e+01   1.2800000e+02   8.5000000e+01   9.2319773e+02   1.6726119e-02
   6.4000000e+01   1.2800000e+02   8.0000000e+01   1.1103046e+03   9.2283682e-03
   6.4000000e+01   1.2800000e+02   7.5000000e+01   1.3375948e+03   2.7336007e-03
   6.4000000e+01   1.2800000e+02   7.0000000e+01   1.2555441e+03  -9.0286724e-04
   6.4000000e+01   1.4400000e+02   1.0000000e+02   2.3887341e+02   0.0000000e+00
   6.4000000e+01   1.4400000e+02   9.5000000e+01   2.3887341e+02   0.0000000e+00
   6.4000000e+01   1.4400000e+02   9.0000000e+01   3.2586550e+02   0.0000000e+00
   6.4000000e+01   1.4400000e+02   8.5000000e+01   1.1969261e+03   0.0000000e+00
   6.4000000e+01   1.4400000e+02   8.0000000e+01   1.2371550e+03   0.0000000e+00
   6.4000000e+01   1.4400000e+02   7.5000000e+01   1.2561723e+03   0.0000000e+00
   6.4000000e+01   1.4400000e+02   7.0000000e+01   1.2501659e+03   0.0000000e+00
   6.4000000e+01   1.6000000e+02   1.0000000e+02   2.4029646e+02   0.0000000e+00
   6.4000000e+01   1.6000000e+02   9.5000000e+01   2.4029646e+02   0.0000000e+00
   6.4000000e+01   1.6000000e+02   9.0000000e+01   3.2885619e+02   0.0000000e+00
   6.4000000e+01   1.6000000e+02   8.5000000e+01   1.2511162e+03   0.0000000e+00
   6.4000000e+01   1.6000000e+02   8.0000000e+01   1.2532970e+03   0.0000000e+00
   6.4000000e+01   1.6000000e+02   7.5000000e+01   1.2529722e+03   0.0000000e+00
   6.4000000e+01   1.6000000e+02   7.0000000e+01   1.2500003e+03   0.0000000e+00
   8.0000000e+01   0.0000000e+00   1.0000000e+02   2.2420715e+02   0.0000000e+00
   8.0000000e+01   0.0000000e+00   9.5000000e+01   2.2420715e+02  -4.4544384e-02
   8.0000000e+01   0.0000000e+00   9.0000000e+01   2.8329526e+02  -4.7682982e-02
   8.0000000e+01   0.0000000e+00   8.5000000e+01   7.8156152e+02  -3.6838459e-02
   8.0000000e+01   0.0000000e+00   8.0000000e+01   1.1962295e+03  -2.3616391e-02
   8.0000000e+01   0.0000000e+00   7.5000000e+01   1.3430631e+03  -3.4333920e-03
   8.0000000e+01   0.0000000e+00   7.0000000e+01   1.2513118e+03   0.0000000e+00
   8.0000000e+01   1.6000000e+01   1.0000000e+02   2.3713718e+02   0.0000000e+00
   8.0000000e+01   1.6000000e+01   9.5000000e+01   2.3713718e+02  -8.6750512e-02
   8.0000000e+01   1.6000000e+01   9.0000000e+01   3.0866937e+02  -8.3668823e-02
   8.0000000e+01   1.6000000e+01   8.5000000e+01   8.0608150e+02  -1.0321553e-01
   8.0000000e+01   1.6000000e+01   8.0000000e+01   1.0959156e+03  -9.5784953e-02
   8.0000000e+01   1.6000000e+01   7.5000000e+01   1.3484741e+03  -1.0700736e-01
   8.0000000e+01   1.6000000e+01   7.0000000e+01   1.2730463e+03  -7.4425660e-02
   8.0000000e+01   3.2000000e+01   1.0000000e+02   2.3345795e+02   0.0000000e+00
   8.0000000e+01   3.2000000e+01   9.5000000e+01   2.3345795e+02  -7.3676365e-02
   8.0000000e+01   3.2000000e+01   9.0000000e+01   3.0292404e+02  -8.5813850e-02
   8.0000000e+01   3.2000000e+01   8.5000000e+01   7.5110955e+02  -6.4439851e-02
   8.0000000e+01   3.2000000e+01   8.0000000e+01   9.4268296e+02  -6.4340949e-02
   8.0000000e+01   3.2000000e+01   7.5000000e+01   1.2073494e+03  -1.0963981e-01
   8.0000000e+01   3.2000000e+01   7.0000000e+01   1.4079660e+03  -2.3994677e-01
   8.0000000e+01   4.8000000e+01   1.0000000e+02   2.1379608e+02  -1.4511080e-01
   8.0000000e+01   4.8000000e+01   9.5000000e+01   2.1379608e+02  -1.7618255e-02
   8.0000000e+01   4.8000000e+01   9.0000000e+01   2.7471847e+02  -1.7289667e-02
   8.0000000e+01   4.8000000e+01   8.5000000e+01   8.5081189e+02  -1.4909520e-02
   8.0000000e+01   4.8000000e+01   8.0000000e+01   8.5173272e+02  -2.9512292e-02
   8.0000000e+01   4.8000000e+01   7.5000000e+01   1.0145817e+03  -3.2872041e-02
   8.0000000e+01   4.8000000e+01   7.0000000e+01   1.5854977e+03  -6.9396512e-02
   8.0000000e+01   6.4000000e+01   1.0000000e+02   2.0955173e+02  -3.2134502e-01
   8.0000000e+01   6.4000000e+01   9.5000000e+01   2.0955173e+02  -1.5441945e-02
   8.0000000e+01   6.4000000e+01   9.0000000e+01   2.6879080e+02  -9.7599191e-03
   8.0000000e+01   6.4000000e+01   8.5000000e+01   9.1674055e+02  -7.1796646e-05
   8.0000000e+01   6.4000000e+01   8.0000000e+01   8.7893055e+02   1.2633691e-02
   8.0000000e+01   6.4000000e+01   7.5000000e+01   9.9169403e+02   6.9296755e-03
   8.0000000e+01   6.4000000e+01   7.0000000e+01   1.5558346e+03  -5.3713970e-02
   8.0000000e+01   8.0000000e+01   1.0000000e+02   1.9308711e+02  -2.1494933e-01
   8.0000000e+01   8.0000000e+01   9.5000000e+01   1.9308711e+02   1.3623659e-02
   8.0000000e+01   8.0000000e+01   9.0000000e+01   2.4773592e+02   1.2878784e-02
   8.0000000e+01   8.0000000e+01   8.5000000e+01   8.4297614e+02   2.6722825e-03
   8.0000000e+01   8.0000000e+01   8.0000000e+01   9.2851050e+02  -1.8277115e-03
   8.0000000e+01   8.0000000e+01   7.5000000e+01   1.3553940e+03   3.4193135e-03
   8.0000000e+01   8.0000000e+01   7.0000000e+01   1.7404698e+03  -5.1262072e-03
   8.0000000e+01   9.6000000e+01   1.0000000e+02   2.1371591e+02  -3.1485106e-02
   8.0000000e+01   9.6000000e+01   9.5000000e+01   2.1371591e+02   1.0196041e-02
   8.0000000e+01   9.6000000e+01   9.0000000e+01   2.8333142e+02   2.9286173e-04
   8.0000000e+01   9.6000000e+01   8.5000000e+01   1.0300781e+03   3.8964155e-03
   8.0000000e+01   9.6000000e+01   8.0000000e+01   9.8619212e+02   8.0227273e-03
   8.0000000e+01   9.6000000e+01   7.5000000e+01   1.6497292e+03   3.7179611e-02
   8.0000000e+01   9.6000000e+01   7.0000000e+01   1.6793378e+03   1.5161205e-01
   8.0000000e+01   1.1200000e+02   1.0000000e+02   2.1625466e+02   0.0000000e+00
   8.0000000e+01   1.1200000e+02   9.5000000e+01   2.1625466e+02   2.3363880e-02
   8.0000000e+01   1.1200000e+02   9.0000000e+01   2.8885022e+02   2.0003129e-02
   8.0000000e+01   1.1200000e+02   8.5000000e+01   9.8242611e+02   1.3921111e-02
   8.0000000e+01   1.1200000e+02   8.0000000e+01   1.1394346e+03   1.5525227e-02
   8.0000000e+01   1.1200000e+02   7.5000000e+01   1.7397670e+03   4.3325512e-02
   8.0000000e+01   1.1200000e+02   7.0000000e+01   1.3724846e+03  -5.6849950e-03
   8.0000000e+01   1.2800000e+02   1.0000000e+02   2.2551714e+02   0.0000000e+00
   8.0000000e+01   1.2800000e+02   9.5000000e+01   2.2551714e+02   4.2496778e-02
   8.0000000e+01   1.2800000e+02   9.0000000e+01   3.0273564e+02   2.9568986e-02
   8.0000000e+01   1.2800000e+02   8.5000000e+01   9.5047938e+02   8.0579263e-03
   8.0000000e+01   1.2800000e+02   8.0000000e+01   1.2020401e+03  -1.1151469e-02
   8.0000000e+01   1.2800000e+02   7.5000000e+01   1.6913201e+03  -3.9949711e-02
   8.0000000e+01   1.2800000e+02   7.0000000e+01   1.2651753e+03  -1.7744354e-04
   8.0000000e+01   1.4400000e+02   1.0000000e+02   2.4001572e+02   0.0000000e+00
   8.0000000e+01   1.4400000e+02   9.5000000e+01   2.4001572e+02   3.4134546e-03
   8.0000000e+01   1.4400000e+02   9.0000000e+01   3.3007467e+02   2.8024670e-03
   8.0000000e+01   1.4400000e+02   8.5000000e+01   1.2191004e+03   1.7332410e-03
   8.0000000e+01   1.4400000e+02   8.0000000e+01   1.3243399e+03   5.1126743e-04
   8.0000000e+01   1.4400000e+02   7.5000000e+01   1.3071255e+03   0.0000000e+00
   8.0000000e+01   1.4400000e+02   7.0000000e+01   1.2504302e+03   0.0000000e+00
   8.0000000e+01   1.6000000e+02   1.0000000e+02   2.4396756e+02   0.0000000e+00
   8.0000000e+01   1.6000000e+02   9.5000000e+01   2.4396756e+02   0.0000000e+00
   8.0000000e+01   1.6000000e+02   9.0000000e+01   3.3640759e+02   0.0000000e+00
   8.0000000e+01   1.6000000e+02   8.5000000e+01   1.3816072e+03   0.0000000e+00
   8.0000000e+01   1.6000000e+02   8.0000000e+01   1.3181937e+03   0.0000000e+00
   8.0000000e+01   1.6000000e+02   7.5000000e+01   1.2739257e+03   0.0000000e+00
   8.0000000e+01   1.6000000e+02   7.0000000e+01   1.2500009e+03   0.0000000e+00
   9.6000000e+01   0.0000000e+00   1.0000000e+02   2.1977609e+02   0.0000000e+00
   9.6000000e+01   0.0000000e+00   9.5000000e+01   2.1977609e+02   0.0000000e+00
   9.6000000e+01   0.0000000e+00   9.0000000e+01   2.9025463e+02   0.0000000e+00
   9.6000000e+01   0.0000000e+00   8.5000000e+01   9.2593138e+02   0.0000000e+00
   9.6000000e+01   0.0000000e+00   8.0000000e+01   1.1416537e+03   1.5252135e-05
   9.6000000e+01   0.0000000e+00   7.5000000e+01   1.2673666e+03   0.0000000e+00
   9.6000000e+01   0.0000000e+00   7.0000000e+01   1.2515317e+03   0.0000000e+00
   9.6000000e+01   1.6000000e+01   1.0000000e+02   2.2118538e+02   0.0000000e+00
   9.6000000e+01   1.6000000e+01   9.5000000e+01   2.2118538e+02  -1.1581753e-03
   9.6000000e+01   1.6000000e+01   9.0000000e+01   2.8299099e+02  -1.0040401e-03
   9.6000000e+01   1.6000000e+01   8.5000000e+01   8.3985869e+02   1.7843203e-04
   9.6000000e+01   1.6000000e+01   8.0000000e+01   1.0682090e+03  -4.9781757e-03
   9.6000000e+01   1.6000000e+01   7.5000000e+01   1.4213928e+03  -4.5657658e-03
   9.6000000e+01   1.6000000e+01   7.0000000e+01   1.2630944e+03  -7.8098850e-03
   9.6000000e+01   3.2000000e+01   1.0000000e+02   2.3061018e+02   0.0000000e+00
   9.6000000e+01   3.2000000e+01   9.5000000e+01   2.3061018e+02   3.1971390e-03
   9.6000000e+01   3.2000000e+01   9.0000000e+01   3.0291361e+02   1.6073699e-02
   9.6000000e+01   3.2000000e+01   8.5000000e+01   8.6049915e+02   2.9572766e-02
   9.6000000e+01   3.2000000e+01   8.0000000e+01   1.0325819e+03   3.8641499e-02
   9.6000000e+01   3.2000000e+01   7.5000000e+01   1.4020940e+03   4.3264023e-02
   9.6000000e+01   3.2000000e+01   7.0000000e+01   1.2932579e+03  -6.0169061e-02
   9.6000000e+01   4.8000000e+01   1.0000000e+02   2.2412031e+02   3.4876247e-05
   9.6000000e+01   4.8000000e+01   9.5000000e+01   2.2412031e+02  -3.9968872e-03
   9.6000000e+01   4.8000000e+01   9.0000000e+01   3.0523039e+02  -3.6039927e-03
   9.6000000e+01   4.8000000e+01   8.5000000e+01   9.9285899e+02  -6.8844657e-03
   9.6000000e+01   4.8000000e+01   8.0000000e+01   1.0580249e+03  -6.6040279e-03
   9.6000000e+01   4.8000000e+01   7.5000000e+01   1.1918223e+03   1.7209975e-03
   9.6000000e+01   4.8000000e+01   7.0000000e+01   1.5363703e+03   2.2501316e-02
   9.6000000e+01   6.4000000e+01   1.0000000e+02   2.1364280e+02  -1.8707003e-02
   9.6000000e+01   6.4000000e+01   9.5000000e+01   2.1364280e+02  -8.8779603e-03
   9.6000000e+01   6.4000000e+01   9.0000000e+01   2.6899954e+02  -7.2534062e-03
   9.6000000e+01   6.4000000e+01   8.5000000e+01   9.7773334e+02  -5.5428044e-03
   9.6000000e+01   6.4000000e+01   8.0000000e+01   1.0254991e+03  -5.6444474e-03
   9.6000000e+01   6.4000000e+01   7.5000000e+01   1.3008705e+03   7.2530719e-03
   9.6000000e+01   6.4000000e+01   7.0000000e+01   1.6903676e+03   8.4761328e-02
   9.6000000e+01   8.0000000e+01   1.0000000e+02   2.0742963e+02   6.6508570e-03
   9.6000000e+01   8.0000000e+01   9.5000000e+01   2.0742963e+02   1.7385967e-02
   9.6000000e+01   8.0000000e+01   9.0000000e+01   2.6675212e+02   2.3722317e-02
   9.6000000e+01   8.0000000e+01   8.5000000e+01   1.0336457e+03   2.8388905e-02
   9.6000000e+01   8.0000000e+01   8.0000000e+01   9.8572078e+02   3.4650027e-02
   9.6000000e+01   8.0000000e+01   7.5000000e+01   1.4116058e+03   5.0285968e-02
   9.6000000e+01   8.0000000e+01   7.0000000e+01   1.7191068e+03   3.5228341e-01
   9.6000000e+01   9.6000000e+01   1.0000000e+02   2.2726046e+02   2.1043962e-04
   9.6000000e+01   9.6000000e+01   9.5000000e+01   2.2726046e+02   2.8778786e-02
   9.6000000e+01   9.6000000e+01   9.0000000e+01   3.0385787e+02   3.0176709e-02
   9.6000000e+01   9.6000000e+01   8.5000000e+01   1.0279125e+03   3.2737286e-02
   9.6000000e+01   9.6000000e+01   8.0000000e+01   1.1443708e+03   3.2095611e-02
   9.6000000e+01   9.6000000e+01   7.5000000e+01   1.7543694e+03   7.8908676e-02
   9.6000000e+01   9.6000000e+01   7.0000000e+01   1.5552930e+03   1.4359297e-01
   9.6000000e+01   1.1200000e+02   1.0000000e+02   2.1797134e+02   0.0000000e+00
   9.6000000e+01   1.1200000e+02   9.5000000e+01   2.1797134e+02   3.3310096e-02
   9.6000000e+01   1.1200000e+02   9.0000000e+01   2.9233768e+02   3.2253035e-02
   9.6000000e+01   1.1200000e+02   8.5000000e+01   9.2146191e+02   2.4059552e-02
   9.6000000e+01   1.1200000e+02   8.0000000e+01   1.1139740e+03   3.2624435e-02
   9.6000000e+01   1.1200000e+02   7.5000000e+01   1.6572610e+03   5.4817809e-02
   9.6000000e+01   1.1200000e+02   7.0000000e+01   1.3154443e+03   4.2027837e-02
   9.6000000e+01   1.2800000e+02   1.0000000e+02   2.2791875e+02   0.0000000e+00
   9.6000000e+01   1.2800000e+02   9.5000000e+01   2.2791875e+02   4.6810986e-02
   9.6000000e+01   1.2800000e+02   9.0000000e+01   3.0764075e+02   5.9929054e-02
   9.6000000e+01   1.2800000e+02   8.5000000e+01   1.0473886e+03   4.7914964e-02
   9.6000000e+01   1.2800000e+02   8.0000000e+01   1.3450480e+03   3.4368858e-02
   9.6000000e+01   1.2800000e+02   7.5000000e+01   1.6028721e+03   1.4579494e-02
   9.6000000e+01   1.2800000e+02   7.0000000e+01   1.2558576e+03   0.0000000e+00
   9.6000000e+01   1.4400000e+02   1.0000000e+02   2.4680601e+02   0.0000000e+00
   9.6000000e+01   1.4400000e+02   9.5000000e+01   2.4680601e+02   5.5590985e-03
   9.6000000e+01   1.4400000e+02   9.0000000e+01   3.4113022e+02   3.0974772e-03
   9.6000000e+01   1.4400000e+02   8.5000000e+01   1.4282261e+03  -1.1508783e-04
   9.6000000e+01   1.4400000e+02   8.0000000e+01   1.4601582e+03   9.1403820e-05
   9.6000000e+01   1.4400000e+02   7.5000000e+01   1.3151069e+03   0.0000000e+00
   9.6000000e+01   1.4400000e+02   7.0000000e+01   1.2501951e+03   0.0000000e+00
   9.6000000e+01   1.6000000e+02   1.0000000e+02   2.5349145e+02   0.0000000e+00
   9.6000000e+01   1.6000000e+02   9.5000000e+01   2.5349145e+02   0.0000000e+00
   9.6000000e+01   1.6000000e+02   9.0000000e+01   3.5216449e+02   0.0000000e+00
   9.6000000e+01   1.6000000e+02   8.5000000e+01   1.5647791e+03   0.0000000e+00
   9.6000000e+01   1.6000000e+02   8.0000000e+01   1.3794524e+03   0.0000000e+00
   9.6000000e+01   1.6000000e+02   7.5000000e+01   1.2923819e+03   0.0000000e+00
   9.6000000e+01   1.6000000e+02   7.0000000e+01   1.2500002e+03   0.0000000e+00
   1.1200000e+02   0.0000000e+00   1.0000000e+02   2.3753272e+02   0.0000000e+00
   1.1200000e+02   0.0000000e+00   9.5000000e+01   2.3753272e+02   0.0000000e+00
   1.1200000e+02   0.0000000e+00   9.0000000e+01   3.2336872e+02   0.0000000e+00
   1.1200000e+02   0.0000000e+00   8.5000000e+01   1.1656823e+03   0.0000000e+00
   1.1200000e+02   0.0000000e+00   8.0000000e+01   1.2197995e+03   0.0000000e+00
   1.1200000e+02   0.0000000e+00   7.5000000e+01   1.2494443e+03   0.0000000e+00
   1.1200000e+02   0.0000000e+00   7.0000000e+01   1.2504086e+03   0.0000000e+00
   1.1200000e+02   1.6000000e+01   1.0000000e+02   2.3517564e+02   0.0000000e+00
   1.1200000e+02   1.6000000e+01   9.5000000e+01   2.3517564e+02  -1.4930723e-03
   1.1200000e+02   1.6000000e+01   9.0000000e+01   3.1772541e+02  -1.2720270e-03
   1.1200000e+02   1.6000000e+01   8.5000000e+01   1.1055247e+03  -7.5625495e-04
   1.1200000e+02   1.6000000e+01   8.0000000e+01   1.2018727e+03   9.1656102e-04
   1.1200000e+02   1.6000000e+01   7.5000000e+01   1.2829363e+03   2.2356793e-03
   1.1200000e+02   1.6000000e+01   7.0000000e+01   1.2517461e+03   2.4207254e-04
   1.1200000e+02   3.2000000e+01   1.0000000e+02   2.2108316e+02   0.0000000e+00
   1.1200000e+02   3.2000000e+01   9.5000000e+01   2.2108316e+02   3.6859266e-02
   1.1200000e+02   3.2000000e+01   9.0000000e+01   2.9673848e+02   3.4589339e-02
   1.1200000e+02   3.2000000e+01   8.5000000e+01   9.8129955e+02   2.6924988e-02
   1.1200000e+02   3.2000000e+01   8.0000000e+01   1.2736344e+03   2.1925730e-02
   1.1200000e+02   3.2000000e+01   7.5000000e+01   1.6390431e+03   1.1069034e-02
   1.1200000e+02   3.2000000e+01   7.0000000e+01   1.2711503e+03  -1.9987518e-02
   1.1200000e+02   4.8000000e+01   1.0000000e+02   2.2334589e+02   0.0000000e+00
   1.1200000e+02   4.8000000e+01   9.5000000e+01   2.2334589e+02   1.1963026e-02
   1.1200000e+02   4.8000000e+01   9.0000000e+01   3.1461736e+02   2.4258785e-02
   1.1200000e+02   4.8000000e+01   8.5000000e+01   1.0935103e+03   1.7272758e-02
   1.1200000e+02   4.8000000e+01   8.0000000e+01   1.2251937e+03   2.9075209e-02
   1.1200000e+02   4.8000000e+01   7.5000000e+01   1.6561465e+03   5.9202983e-02
   1.1200000e+02   4.8000000e+01   7.0000000e+01   1.3230216e+03   6.4259215e-02
   1.1200000e+02   6.4000000e+01   1.0000000e+02   2.2139330e+02   0.0000000e+00
   1.1200000e+02   6.4000000e+01   9.5000000e+01   2.2139330e+02   1.0757055e-02
   1.1200000e+02   6.4000000e+01   9.0000000e+01   2.8926002e+02   9.3074335e-03
   1.1200000e+02   6.4000000e+01   8.5000000e+01   1.0941543e+03   2.0169781e-02
   1.1200000e+02   6.4000000e+01   8.0000000e+01   1.0795892e+03   2.0733573e-02
   1.1200000e+02   6.4000000e+01   7.5000000e+01   1.6263970e+03   6.4138220e-02
   1.1200000e+02   6.4000000e+01   7.0000000e+01   1.5095595e+03   1.6963799e-01
   1.1200000e+02   8.0000000e+01   1.0000000e+02   2.1485638e+02   0.0000000e+00
   1.1200000e+02   8.0000000e+01   9.5000000e+01   2.1485638e+02   3.4360181e-02
   1.1200000e+02   8.0000000e+01   9.0000000e+01   2.8746529e+02   4.5782785e-02
   1.1200000e+02   8.0000000e+01   8.5000000e+01   9.0583281e+02   5.5951382e-02
   1.1200000e+02   8.0000000e+01   8.0000000e+01   1.1325787e+03   8.2745762e-02
   1.1200000e+02   8.0000000e+01   7.5000000e+01   1.7378416e+03   1.6339826e-01
   1.1200000e+02   8.0000000e+01   7.0000000e+01   1.5401152e+03   1.6955256e-01
   1.1200000e+02   9.6000000e+01   1.0000000e+02   2.1949283e+02   0.0000000e+00
   1.1200000e+02   9.6000000e+01   9.5000000e+01   2.1949283e+02   1.1447714e-02
   1.1200000e+02   9.6000000e+01   9.0000000e+01   2.9540104e+02   1.0193603e-02
   1.1200000e+02   9.6000000e+01   8.5000000e+01   8.9594144e+02   7.9219702e-03
   1.1200000e+02   9.6000000e+01   8.0000000e+01   1.0717243e+03   8.4066162e-03
   1.1200000e+02   9.6000000e+01   7.5000000e+01   1.6220093e+03   8.7952183e-03
   1.1200000e+02   9.6000000e+01   7.0000000e+01   1.3694854e+03   1.3244846e-02
   1.1200000e+02   1.1200000e+02   1.0000000e+02   2.3578671e+02   0.0000000e+00
   1.1200000e+02   1.1200000e+02   9.5000000e+01   2.3578671e+02   1.2611631e-02
   1.1200000e+02   1.1200000e+02   9.0000000e+01   3.1913186e+02   1.0175258e-02
   1.1200000e+02   1.1200000e+02   8.5000000e+01   1.1657270e+03   6.4481875e-03
   1.1200000e+02   1.1200000e+02   8.0000000e+01   1.3249118e+03   2.7086910e-03
   1.1200000e+02   1.1200000e+02   7.5000000e+01   1.5896764e+03   3.0444108e-04
   1.1200000e+02   1.1200000e+02   7.0000000e+01   1.2753607e+03   0.0000000e+00
   1.1200000e+02   1.2800000e+02   1.0000000e+02   2.5644089e+02   0.0000000e+00
   1.1200000e+02   1.2800000e+02   9.5000000e+01   2.5644089e+02   0.0000000e+00
   1.1200000e+02   1.2800000e+02   9.0000000e+01   3.5721240e+02   0.0000000e+00
   1.1200000e+02   1.2800000e+02   8.5000000e+01   1.5811181e+03   0.0000000e+00
   1.1200000e+02   1.2800000e+02   8.0000000e+01   1.4157872e+03   0.0000000e+00
   1.1200000e+02   1.2800000e+02   7.5000000e+01   1.3741016e+03   0.0000000e+00
   1.1200000e+02   1.2800000e+02   7.0000000e+01   1.2516311e+03   0.0000000e+00
   1.1200000e+02   1.4400000e+02   1.0000000e+02   2.4301496e+02   0.0000000e+00
   1.1200000e+02   1.4400000e+02   9.5000000e+01   2.4301496e+02   0.0000000e+00
   1.1200000e+02   1.4400000e+02   9.0000000e+01   3.3332590e+02   0.0000000e+00
   1.1200000e+02   1.4400000e+02   8.5000000e+01   1.3114799e+03   0.0000000e+00
   1.1200000e+02   1.4400000e+02   8.0000000e+01   1.2954801e+03   0.0000000e+00
   1.1200000e+02   1.4400000e+02   7.5000000e+01   1.2696212e+03   0.0000000e+00
   1.1200000e+02   1.4400000e+02   7.0000000e+01   1.2500292e+03   0.0000000e+00
   1.1200000e+02   1.6000000e+02   1.0000000e+02   2.4221840e+02   0.0000000e+00
   1.1200000e+02   1.6000000e+02   9.5000000e+01   2.4221840e+02   0.0000000e+00
   1.1200000e+02   1.6000000e+02   9.0000000e+01   3.3244031e+02   0.0000000e+00
   1.1200000e+02   1.6000000e+02   8.5000000e+01   1.3036307e+03   0.0000000e+00
   1.1200000e+02   1.6000000e+02   8.0000000e+01   1.2759608e+03   0.0000000e+00
   1.1200000e+02   1.6000000e+02   7.5000000e+01   1.2583707e+03   0.0000000e+00
   1.1200000e+02   1.6000000e+02   7.0000000e+01   1.2500001e+03   0.0000000e+00
   1.2800000e+02   0.0000000e+00   1.0000000e+02   2.3985943e+02   0.0000000e+00
   1.2800000e+02   0.0000000e+00   9.5000000e+01   2.3985943e+02   0.0000000e+00
   1.2800000e+02   0.0000000e+00   9.0000000e+01   3.2809235e+02   0.0000000e+00
   1.2800000e+02   0.0000000e+00   8.5000000e+01   1.2414908e+03   0.0000000e+00
   1.2800000e+02   0.0000000e+00   8.0000000e+01   1.2471861e+03   0.0000000e+00
   1.2800000e+02   0.0000000e+00   7.5000000e+01   1.2500751e+03   0.0000000e+00
   1.2800000e+02   0.0000000e+00   7.0000000e+01   1.2500341e+03   0.0000000e+00
   1.2800000e+02   1.6000000e+01   1.0000000e+02   2.3907420e+02   0.0000000e+00
   1.2800000e+02   1.6000000e+01   9.5000000e+01   2.3907420e+02   0.0000000e+00
   1.2800000e+02   1.6000000e+01   9.0000000e+01   3.2689893e+02   0.0000000e+00
   1.2800000e+02   1.6000000e+01   8.5000000e+01   1.2323543e+03   0.0000000e+00
   1.2800000e+02   1.6000000e+01   8.0000000e+01   1.2522144e+03   0.0000000e+00
   1.2800000e+02   1.6000000e+01   7.5000000e+01   1.2586389e+03   0.0000000e+00
   1.2800000e+02   1.6000000e+01   7.0000000e+01   1.2502026e+03   0.0000000e+00
   1.2800000e+02   3.2000000e+01   1.0000000e+02   2.2976764e+02   0.0000000e+00
   1.2800000e+02   3.2000000e+01   9.5000000e+01   2.2976764e+02   3.3075576e-02
   1.2800000e+02   3.2000000e+01   9.0000000e+01   3.1057798e+02   3.3407735e-02
   1.2800000e+02   3.2000000e+01   8.5000000e+01   1.0863555e+03   3.0633510e-02
   1.2800000e+02   3.2000000e+01   8.0000000e+01   1.2972868e+03   1.3811218e-02
   1.2800000e+02   3.2000000e+01   7.5000000e+01   1.3786228e+03  -1.1530035e-02
   1.2800000e+02   3.2000000e+01   7.0000000e+01   1.2520447e+03  -6.5730226e-05
   1.2800000e+02   4.8000000e+01   1.0000000e+02   2.1207203e+02   0.0000000e+00
   1.2800000e+02   4.8000000e+01   9.5000000e+01   2.1207203e+02   6.4837534e-02
   1.2800000e+02   4.8000000e+01   9.0000000e+01   2.7832272e+02   5.8599786e-02
   1.2800000e+02   4.8000000e+01   8.5000000e+01   8.7647269e+02   4.2998328e-02
   1.2800000e+02   4.8000000e+01   8.0000000e+01   1.2440721e+03   5.7928380e-02
   1.2800000e+02   4.8000000e+01   7.5000000e+01   1.5178386e+03   9.8733119e-02
   1.2800000e+02   4.8000000e+01   7.0000000e+01   1.2650522e+03   3.8132821e-02
   1.2800000e+02   6.4000000e+01   1.0000000e+02   2.2688550e+02   0.0000000e+00
   1.2800000e+02   6.4000000e+01   9.5000000e+01   2.2688550e+02   5.2523888e-02
   1.2800000e+02   6.4000000e+01   9.0000000e+01   3.1276051e+02   4.9261306e-02
   1.2800000e+02   6.4000000e+01   8.5000000e+01   9.7194602e+02   4.0695692e-02
   1.2800000e+02   6.4000000e+01   8.0000000e+01   1.1415039e+03   3.5821617e-02
   1.2800000e+02   6.4000000e+01   7.5000000e+01   1.6181130e+03   4.8659265e-02
   1.2800000e+02   6.4000000e+01   7.0000000e+01   1.2934075e+03   4.7109445e-02
   1.2800000e+02   8.0000000e+01   1.0000000e+02   2.3662855e+02   0.0000000e+00
   1.2800000e+02   8.0000000e+01   9.5000000e+01   2.3662855e+02   1.5959971e-02
   1.2800000e+02   8.0000000e+01   9.0000000e+01   3.2924959e+02   1.3692278e-02
   1.2800000e+02   8.0000000e+01   8.5000000e+01   1.0427959e+03   8.7719299e-03
   1.2800000e+02   8.0000000e+01   8.0000000e+01   1.2820235e+03   3.6689811e-03
   1.2800000e+02   8.0000000e+01   7.5000000e+01   1.6900636e+03   7.6389713e-04
   1.2800000e+02   8.0000000e+01   7.0000000e+01   1.2865174e+03  -6.8641871e-05
   1.2800000e+02   9.6000000e+01   1.0000000e+02   2.2626020e+02   0.0000000e+00
   1.2800000e+02   9.6000000e+01   9.5000000e+01   2.2626020e+02   0.0000000e+00
   1.2800000e+02   9.6000000e+01   9.0000000e+01   3.0398296e+02   0.0000000e+00
   1.2800000e+02   9.6000000e+01   8.5000000e+01   9.6812530e+02   0.0000000e+00
   1.2800000e+02   9.6000000e+01   8.0000000e+01   1.1695973e+03   0.0000000e+00
   1.2800000e+02   9.6000000e+01   7.5000000e+01   1.3653582e+03   0.0000000e+00
   1.2800000e+02   9.6000000e+01   7.0000000e+01   1.2615774e+03   0.0000000e+00
   1.2800000e+02   1.1200000e+02   1.0000000e+02   2.3980590e+02   0.0000000e+00
   1.2800000e+02   1.1200000e+02   9.5000000e+01   2.3980590e+02   0.0000000e+00
   1.2800000e+02   1.1200000e+02   9.0000000e+01   3.2829187e+02   0.0000000e+00
   1.2800000e+02   1.1200000e+02   8.5000000e+01   1.2522342e+03   0.0000000e+00
   1.2800000e+02   1.1200000e+02   8.0000000e+01   1.2725746e+03   0.0000000e+00
   1.2800000e+02   1.1200000e+02   7.5000000e+01   1.2814715e+03   0.0000000e+00
   1.2800000e+02   1.1200000e+02   7.0000000e+01   1.2513890e+03   0.0000000e+00
   1.2800000e+02   1.2800000e+02   1.0000000e+02   2.4134072e+02   0.0000000e+00
   1.2800000e+02   1.2800000e+02   9.5000000e+01   2.4134072e+02   0.0000000e+00
   1.2800000e+02   1.2800000e+02   9.0000000e+01   3.3069602e+02   0.0000000e+00
   1.2800000e+02   1.2800000e+02   8.5000000e+01   1.2749413e+03   0.0000000e+00
   1.2800000e+02   1.2800000e+02   8.0000000e+01   1.2670676e+03   0.0000000e+00
   1.2800000e+02   1.2800000e+02   7.5000000e+01   1.2593662e+03   0.0000000e+00
   1.2800000e+02   1.2800000e+02   7.0000000e+01   1.2500872e+03   0.0000000e+00
   1.2800000e+02   1.4400000e+02   1.0000000e+02   2.4030973e+02   0.0000000e+00
   1.2800000e+02   1.4400000e+02   9.5000000e+01   2.4030973e+02   0.0000000e+00
   1.2800000e+02   1.4400000e+02   9.0000000e+01   3.2900836e+02   0.0000000e+00
   1.2800000e+02   1.4400000e+02   8.5000000e+01   1.2568150e+03   0.0000000e+00
   1.2800000e+02   1.4400000e+02   8.0000000e+01   1.2538252e+03   0.0000000e+00
   1.2800000e+02   1.4400000e+02   7.5000000e+01   1.2515651e+03   0.0000000e+00
   1.2800000e+02   1.4400000e+02   7.0000000e+01   1.2500014e+03   0.0000000e+00
   1.2800000e+02   1.6000000e+02   1.0000000e+02   2.4009778e+02   0.0000000e+00
   1.2800000e+02   1.6000000e+02   9.5000000e+01   2.4009778e+02   0.0000000e+00
   1.2800000e+02   1.6000000e+02   9.0000000e+01   3.2866782e+02   0.0000000e+00
   1.2800000e+02   1.6000000e+02   8.5000000e+01   1.2534431e+03   0.0000000e+00
   1.2800000e+02   1.6000000e+02   8.0000000e+01   1.2515207e+03   0.0000000e+00
   1.2800000e+02   1.6000000e+02   7.5000000e+01   1.2503801e+03   0.0000000e+00
   1.2800000e+02   1.6000000e+02   7.0000000e+01   1.2500000e+03   0.0000000e+00
   1.4400000e+02   0.0000000e+00   1.0000000e+02   2.3998002e+02   0.0000000e+00
   1.4400000e+02   0.0000000e+00   9.5000000e+01   2.3998002e+02   0.0000000e+00
   1.4400000e+02   0.0000000e+00   9.0000000e+01   3.2843240e+02   0.0000000e+00
   1.4400000e+02   0.0000000e+00   8.5000000e+01   1.2495727e+03   0.0000000e+00
   1.4400000e+02   0.0000000e+00   8.0000000e+01   1.2498462e+03   0.0000000e+00
   1.4400000e+02   0.0000000e+00   7.5000000e+01   1.2499887e+03   0.0000000e+00
   1.4400000e+02   0.0000000e+00   7.0000000e+01   1.2500001e+03   0.0000000e+00
   1.4400000e+02   1.6000000e+01   1.0000000e+02   2.3984992e+02   0.0000000e+00
   1.4400000e+02   1.6000000e+01   9.5000000e+01   2.3984992e+02   0.0000000e+00
   1.4400000e+02   1.6000000e+01   9.0000000e+01   3.2825646e+02   0.0000000e+00
   1.4400000e+02   1.6000000e+01   8.5000000e+01   1.2489885e+03   0.0000000e+00
   1.4400000e+02   1.6000000e+01   8.0000000e+01   1.2514678e+03   0.0000000e+00
   1.4400000e+02   1.6000000e+01   7.5000000e+01   1.2518137e+03   0.0000000e+00
   1.4400000e+02   1.6000000e+01   7.0000000e+01   1.2500169e+03   0.0000000e+00
   1.4400000e+02   3.2000000e+01   1.0000000e+02   2.3761959e+02   0.0000000e+00
   1.4400000e+02   3.2000000e+01   9.5000000e+01   2.3761959e+02   6.2946780e-03
   1.4400000e+02   3.2000000e+01   9.0000000e+01   3.2482148e+02   4.7841799e-03
   1.4400000e+02   3.2000000e+01   8.5000000e+01   1.2291542e+03   1.7664387e-03
   1.4400000e+02   3.2000000e+01   8.0000000e+01   1.2786825e+03   5.7837917e-05
   1.4400000e+02   3.2000000e+01   7.5000000e+01   1.2694247e+03  -2.6371915e-05
   1.4400000e+02   3.2000000e+01   7.0000000e+01   1.2501492e+03   0.0000000e+00
   1.4400000e+02   4.8000000e+01   1.0000000e+02   2.2541616e+02   0.0000000e+00
   1.4400000e+02   4.8000000e+01   9.5000000e+01   2.2541616e+02   3.5512219e-02
   1.4400000e+02   4.8000000e+01   9.0000000e+01   3.0549877e+02   4.3176412e-02
   1.4400000e+02   4.8000000e+01   8.5000000e+01   1.1000520e+03   4.7683222e-02
   1.4400000e+02   4.8000000e+01   8.0000000e+01   1.3549137e+03   5.9189903e-02
   1.4400000e+02   4.8000000e+01   7.5000000e+01   1.3521142e+03   3.0433050e-03
   1.4400000e+02   4.8000000e+01   7.0000000e+01   1.2507155e+03   0.0000000e+00
   1.4400000e+02   6.4000000e+01   1.0000000e+02   2.3253626e+02   0.0000000e+00
   1.4400000e+02   6.4000000e+01   9.5000000e+01   2.3253626e+02   0.0000000e+00
   1.4400000e+02   6.4000000e+01   9.0000000e+01   3.2193047e+02  -2.1252431e-04
   1.4400000e+02   6.4000000e+01   8.5000000e+01   1.1203838e+03   1.5630674e-03
   1.4400000e+02   6.4000000e+01   8.0000000e+01   1.3285338e+03   2.7269778e-04
   1.4400000e+02   6.4000000e+01   7.5000000e+01   1.4510921e+03   0.0000000e+00
   1.4400000e+02   6.4000000e+01   7.0000000e+01   1.2524472e+03   0.0000000e+00
   1.4400000e+02   8.0000000e+01   1.0000000e+02   2.3804534e+02   0.0000000e+00
   1.4400000e+02   8.0000000e+01   9.5000000e+01   2.3804534e+02   0.0000000e+00
   1.4400000e+02   8.0000000e+01   9.0000000e+01   3.2608308e+02   0.0000000e+00
   1.4400000e+02   8.0000000e+01   8.5000000e+01   1.1485877e+03   0.0000000e+00
   1.4400000e+02   8.0000000e+01   8.0000000e+01   1.2508425e+03   0.0000000e+00
   1.4400000e+02   8.0000000e+01   7.5000000e+01   1.2986474e+03   0.0000000e+00
   1.4400000e+02   8.0000000e+01   7.0000000e+01   1.2516894e+03   0.0000000e+00
   1.4400000e+02   9.6000000e+01   1.0000000e+02   2.3813049e+02   0.0000000e+00
   1.4400000e+02   9.6000000e+01   9.5000000e+01   2.3813049e+02   0.0000000e+00
   1.4400000e+02   9.6000000e+01   9.0000000e+01   3.2512280e+02   0.0000000e+00
   1.4400000e+02   9.6000000e+01   8.5000000e+01   1.2072927e+03   0.0000000e+00
   1.4400000e+02   9.6000000e+01   8.0000000e+01   1.2469617e+03   0.0000000e+00
   1.4400000e+02   9.6000000e+01   7.5000000e+01   1.2619270e+03   0.0000000e+00
   1.4400000e+02   9.6000000e+01   7.0000000e+01   1.2505712e+03   0.0000000e+00
   1.4400000e+02   1.1200000e+02   1.0000000e+02   2.3984799e+02   0.0000000e+00
   1.4400000e+02   1.1200000e+02   9.5000000e+01   2.3984799e+02   0.0000000e+00
   1.4400000e+02   1.1200000e+02   9.0000000e+01   3.2821504e+02   0.0000000e+00
   1.4400000e+02   1.1200000e+02   8.5000000e+01   1.2472994e+03   0.0000000e+00
   1.4400000e+02   1.1200000e+02   8.0000000e+01   1.2513398e+03   0.0000000e+00
   1.4400000e+02   1.1200000e+02   7.5000000e+01   1.2522706e+03   0.0000000e+00
   1.4400000e+02   1.1200000e+02   7.0000000e+01   1.2500647e+03   0.0000000e+00
   1.4400000e+02   1.2800000e+02   1.0000000e+02   2.4002899e+02   0.0000000e+00
   1.4400000e+02   1.2800000e+02   9.5000000e+01   2.4002899e+02   0.0000000e+00
   1.4400000e+02   1.2800000e+02   9.0000000e+01   3.2851421e+02   0.0000000e+00
   1.4400000e+02   1.2800000e+02   8.5000000e+01   1.2504704e+03   0.0000000e+00
   1.4400000e+02   1.2800000e+02   8.0000000e+01   1.2503403e+03   0.0000000e+00
   1.4400000e+02   1.2800000e+02   7.5000000e+01   1.2501842e+03   0.0000000e+00
   1.4400000e+02   1.2800000e+02   7.0000000e+01   1.2500023e+03   0.0000000e+00
   1.4400000e+02   1.4400000e+02   1.0000000e+02   2.4000312e+02   0.0000000e+00
   1.4400000e+02   1.4400000e+02   9.5000000e+01   2.4000312e+02   0.0000000e+00
   1.4400000e+02   1.4400000e+02   9.0000000e+01   3.2847155e+02   0.0000000e+00
   1.4400000e+02   1.4400000e+02   8.5000000e+01   1.2500206e+03   0.0000000e+00
   1.4400000e+02   1.4400000e+02   8.0000000e+01   1.2500081e+03   0.0000000e+00
   1.4400000e+02   1.4400000e+02   7.5000000e+01   1.2500013e+03   0.0000000e+00
   1.4400000e+02   1.4400000e+02   7.0000000e+01   1.2500001e+03   0.0000000e+00
   1.4400000e+02   1.6000000e+02   1.0000000e+02   2.3999998e+02   0.0000000e+00
   1.4400000e+02   1.6000000e+02   9.5000000e+01   2.3999998e+02   0.0000000e+00
   1.4400000e+02   1.6000000e+02   9.0000000e+01   3.2846717e+02   0.0000000e+00
   1.4400000e+02   1.6000000e+02   8.5000000e+01   1.2500001e+03   0.0000000e+00
   1.4400000e+02   1.6000000e+02   8.0000000e+01   1.2500001e+03   0.0000000e+00
   1.4400000e+02   1.6000000e+02   7.5000000e+01   1.2500000e+03   0.0000000e+00
   1.4400000e+02   1.6000000e+02   7.0000000e+01   1.2500001e+03   0.0000000e+00
   1.6000000e+02   0.0000000e+00   1.0000000e+02   2.3999998e+02   0.0000000e+00
   1.6000000e+02   0.0000000e+00   9.5000000e+01   2.3999998e+02   0.0000000e+00
   1.6000000e+02   0.0000000e+00   9.0000000e+01   3.2846719e+02   0.0000000e+00
   1.6000000e+02   0.0000000e+00   8.5000000e+01   1.2500000e+03   0.0000000e+00
   1.6000000e+02   0.0000000e+00   8.0000000e+01   1.2500000e+03   0.0000000e+00
   1.6000000e+02   0.0000000e+00   7.5000000e+01   1.2500000e+03   0.0000000e+00
   1.6000000e+02   0.0000000e+00   7.0000000e+01   1.2500000e+03   0.0000000e+00
   1.6000000e+02   1.6000000e+01   1.0000000e+02   2.3995826e+02   0.0000000e+00
   1.6000000e+02   1.6000000e+01   9.5000000e+01   2.3995826e+02   0.0000000e+00
   1.6000000e+02   1.6000000e+01   9.0000000e+01   3.2842942e+02   0.0000000e+00
   1.6000000e+02   1.6000000e+01   8.5000000e+01   1.2506242e+03   0.0000000e+00
   1.6000000e+02   1.6000000e+01   8.0000000e+01   1.2509581e+03   0.0000000e+00
   1.6000000e+02   1.6000000e+01   7.5000000e+01   1.2507499e+03   0.0000000e+00
   1.6000000e+02   1.6000000e+01   7.0000000e+01   1.2500001e+03   0.0000000e+00
   1.6000000e+02   3.2000000e+01   1.0000000e+02   2.3894693e+02   0.0000000e+00
   1.6000000e+02   3.2000000e+01   9.5000000e+01   2.3894693e+02   0.0000000e+00
   1.6000000e+02   3.2000000e+01   9.0000000e+01   3.2732116e+02   0.0000000e+00
   1.6000000e+02   3.2000000e+01   8.5000000e+01   1.2582131e+03   0.0000000e+00
   1.6000000e+02   3.2000000e+01   8.0000000e+01   1.2644440e+03   0.0000000e+00
   1.6000000e+02   3.2000000e+01   7.5000000e+01   1.2601850e+03   0.0000000e+00
   1.6000000e+02   3.2000000e+01   7.0000000e+01   1.2500031e+03   0.0000000e+00
   1.6000000e+02   4.8000000e+01   1.0000000e+02   2.3224447e+02   0.0000000e+00
   1.6000000e+02   4.8000000e+01   9.5000000e+01   2.3224447e+02   0.0000000e+00
   1.6000000e+02   4.8000000e+01   9.0000000e+01   3.1950930e+02   0.0000000e+00
   1.6000000e+02   4.8000000e+01   8.5000000e+01   1.2864083e+03   0.0000000e+00
   1.6000000e+02   4.8000000e+01   8.0000000e+01   1.3716396e+03   0.0000000e+00
   1.6000000e+02   4.8000000e+01   7.5000000e+01   1.3131103e+03   0.0000000e+00
   1.6000000e+02   4.8000000e+01   7.0000000e+01   1.2500399e+03   0.0000000e+00
   1.6000000e+02   6.4000000e+01   1.0000000e+02   2.4045013e+02   0.0000000e+00
   1.6000000e+02   6.4000000e+01   9.5000000e+01   2.4045013e+02   0.0000000e+00
   1.6000000e+02   6.4000000e+01   9.0000000e+01   3.3298140e+02   0.0000000e+00
   1.6000000e+02   6.4000000e+01   8.5000000e+01   1.3046089e+03   0.0000000e+00
   1.6000000e+02   6.4000000e+01   8.0000000e+01   1.3802058e+03   0.0000000e+00
   1.6000000e+02   6.4000000e+01   7.5000000e+01   1.3515278e+03   0.0000000e+00
   1.6000000e+02   6.4000000e+01   7.0000000e+01   1.2501713e+03   0.0000000e+00
   1.6000000e+02   8.0000000e+01   1.0000000e+02   2.4019595e+02   0.0000000e+00
   1.6000000e+02   8.0000000e+01   9.5000000e+01   2.4019595e+02   0.0000000e+00
   1.6000000e+02   8.0000000e+01   9.0000000e+01   3.2813022e+02   0.0000000e+00
   1.6000000e+02   8.0000000e+01   8.5000000e+01   1.2254911e+03   0.0000000e+00
   1.6000000e+02   8.0000000e+01   8.0000000e+01   1.2591875e+03   0.0000000e+00
   1.6000000e+02   8.0000000e+01   7.5000000e+01   1.2677264e+03   0.0000000e+00
   1.6000000e+02   8.0000000e+01   7.0000000e+01   1.2500762e+03   0.0000000e+00
   1.6000000e+02   9.6000000e+01   1.0000000e+02   2.3962634e+02   0.0000000e+00
   1.6000000e+02   9.6000000e+01   9.5000000e+01   2.3962634e+02   0.0000000e+00
   1.6000000e+02   9.6000000e+01   9.0000000e+01   3.2775463e+02   0.0000000e+00
   1.6000000e+02   9.6000000e+01   8.5000000e+01   1.2393828e+03   0.0000000e+00
   1.6000000e+02   9.6000000e+01   8.0000000e+01   1.2489144e+03   0.0000000e+00
   1.6000000e+02   9.6000000e+01   7.5000000e+01   1.2525013e+03   0.0000000e+00
   1.6000000e+02   9.6000000e+01   7.0000000e+01   1.2500115e+03   0.0000000e+00
   1.6000000e+02   1.1200000e+02   1.0000000e+02   2.3994246e+02   0.0000000e+00
   1.6000000e+02   1.1200000e+02   9.5000000e+01   2.3994246e+02   0.0000000e+00
   1.6000000e+02   1.1200000e+02   9.0000000e+01   3.2837241e+02   0.0000000e+00
   1.6000000e+02   1.1200000e+02   8.5000000e+01   1.2490050e+03   0.0000000e+00
   1.6000000e+02   1.1200000e+02   8.0000000e+01   1.2496490e+03   0.0000000e+00
   1.6000000e+02   1.1200000e+02   7.5000000e+01   1.2499811e+03   0.0000000e+00
   1.6000000e+02   1.1200000e+02   7.0000000e+01   1.2500001e+03   0.0000000e+00
   1.6000000e+02   1.2800000e+02   1.0000000e+02   2.3999999e+02   0.0000000e+00
   1.6000000e+02   1.2800000e+02   9.5000000e+01   2.3999999e+02   0.0000000e+00
   1.6000000e+02   1.2800000e+02   9.0000000e+01   3.2846717e+02   0.0000000e+00
   1.6000000e+02   1.2800000e+02   8.5000000e+01   1.2500000e+03   0.0000000e+00
   1.6000000e+02   1.2800000e+02   8.0000000e+01   1.2500000e+03   0.0000000e+00
   1.6000000e+02   1.2800000e+02   7.5000000e+01   1.2500001e+03   0.0000000e+00
   1.6000000e+02   1.2800000e+02   7.0000000e+01   1.2500000e+03   0.0000000e+00
   1.6000000e+02   1.4400000e+02   1.0000000e+02   2.3999998e+02   0.0000000e+00
   1.6000000e+02   1.4400000e+02   9.5000000e+01   2.3999998e+02   0.0000000e+00
   1.6000000e+02   1.4400000e+02   9.0000000e+01   3.2846718e+02   0.0000000e+00
   1.6000000e+02   1.4400000e+02   8.5000000e+01   1.2500001e+03   0.0000000e+00
   1.6000000e+02   1.4400000e+02   8.0000000e+01   1.2500001e+03   0.0000000e+00
   1.6000000e+02   1.4400000e+02   7.5000000e+01   1.2500001e+03   0.0000000e+00
   1.6000000e+02   1.4400000e+02   7.0000000e+01   1.2500001e+03   0.0000000e+00
   1.6000000e+02   1.6000000e+02   1.0000000e+02   2.3999998e+02   0.0000000e+00
   1.6000000e+02   1.6000000e+02   9.5000000e+01   2.3999998e+02   0.0000000e+00
   1.6000000e+02   1.6000000e+02   9.0000000e+01   3.2846722e+02   0.0000000e+00
   1.6000000e+02   1.6000000e+02   8.5000000e+01   1.2500001e+03   0.0000000e+00
   1.6000000e+02   1.6000000e+02   8.0000000e+01   1.2500001e+03   0.0000000e+00
   1.6000000e+02   1.6000000e+02   7.5000000e+01   1.2500001e+03   0.0000000e+00
   1.6000000e+02   1.6000000e+02   7.0000000e+01   1.2500001e+03   0.0000000e+00
