   0.0000000e+00   0.0000000e+00   1.0000000e+02   2.3999998e+02   0.0000000e+00
   0.0000000e+00   0.0000000e+00   9.5000000e+01   2.3999998e+02   0.0000000e+00
   0.0000000e+00   0.0000000e+00   9.0000000e+01   3.2846722e+02   0.0000000e+00
   0.0000000e+00   0.0000000e+00   8.5000000e+01   1.2500000e+03   0.0000000e+00
   0.0000000e+00   0.0000000e+00   8.0000000e+01   1.2500001e+03   0.0000000e+00
   0.0000000e+00   0.0000000e+00   7.5000000e+01   1.2500000e+03   0.0000000e+00
   0.0000000e+00   0.0000000e+00   7.0000000e+01   1.2500000e+03   0.0000000e+00
   0.0000000e+00   1.6000000e+01   1.0000000e+02   2.3999998e+02   0.0000000e+00
   0.0000000e+00   1.6000000e+01   9.5000000e+01   2.3999998e+02   0.0000000e+00
   0.0000000e+00   1.6000000e+01   9.0000000e+01   3.2846718e+02   0.0000000e+00
   0.0000000e+00   1.6000000e+01   8.5000000e+01   1.2500001e+03   0.0000000e+00
   0.0000000e+00   1.6000000e+01   8.0000000e+01   1.2500000e+03   0.0000000e+00
   0.0000000e+00   1.6000000e+01   7.5000000e+01   1.2500000e+03   0.0000000e+00
   0.0000000e+00   1.6000000e+01   7.0000000e+01   1.2500001e+03   0.0000000e+00
   0.0000000e+00   3.2000000e+01   1.0000000e+02   2.3999998e+02   0.0000000e+00
   0.0000000e+00   3.2000000e+01   9.5000000e+01   2.3999998e+02   0.0000000e+00
   0.0000000e+00   3.2000000e+01   9.0000000e+01   3.2846717e+02   0.0000000e+00
   0.0000000e+00   3.2000000e+01   8.5000000e+01   1.2500001e+03   0.0000000e+00
   0.0000000e+00   3.2000000e+01   8.0000000e+01   1.2500000e+03   0.0000000e+00
   0.0000000e+00   3.2000000e+01   7.5000000e+01   1.2500001e+03   0.0000000e+00
   0.0000000e+00   3.2000000e+01   7.0000000e+01   1.2500001e+03   0.0000000e+00
   0.0000000e+00   4.8000000e+01   1.0000000e+02   2.3999998e+02   0.0000000e+00
   0.0000000e+00   4.8000000e+01   9.5000000e+01   2.3999998e+02   0.0000000e+00
   0.0000000e+00   4.8000000e+01   9.0000000e+01   3.2846712e+02   0.0000000e+00
   0.0000000e+00   4.8000000e+01   8.5000000e+01   1.2499992e+03   0.0000000e+00
   0.0000000e+00   4.8000000e+01   8.0000000e+01   1.2499977e+03   0.0000000e+00
   0.0000000e+00   4.8000000e+01   7.5000000e+01   1.2499979e+03   0.0000000e+00
   0.0000000e+00   4.8000000e+01   7.0000000e+01   1.2500000e+03   0.0000000e+00
   0.0000000e+00   6.4000000e+01   1.0000000e+02   2.3995364e+02   0.0000000e+00
   0.0000000e+00   6.4000000e+01   9.5000000e+01   2.3995364e+02   0.0000000e+00
   0.0000000e+00   6.4000000e+01   9.0000000e+01   3.2835201e+02   0.0000000e+00
   0.0000000e+00   6.4000000e+01   8.5000000e+01   1.2475206e+03   0.0000000e+00
   0.0000000e+00   6.4000000e+01   8.0000000e+01   1.2489791e+03   0.0000000e+00
   0.0000000e+00   6.4000000e+01   7.5000000e+01   1.2498076e+03   0.0000000e+00
   0.0000000e+00   6.4000000e+01   7.0000000e+01   1.2499996e+03   0.0000000e+00
   0.0000000e+00   8.0000000e+01   1.0000000e+02   2.3969124e+02   0.0000000e+00
   0.0000000e+00   8.0000000e+01   9.5000000e+01   2.3969124e+02   0.0000000e+00
   0.0000000e+00   8.0000000e+01   9.0000000e+01   3.2770142e+02   0.0000000e+00
   0.0000000e+00   8.0000000e+01   8.5000000e+01   1.2336425e+03   0.0000000e+00
   0.0000000e+00   8.0000000e+01   8.0000000e+01   1.2433293e+03   0.0000000e+00
   0.0000000e+00   8.0000000e+01   7.5000000e+01   1.2488191e+03   0.0000000e+00
   0.0000000e+00   8.0000000e+01   7.0000000e+01   1.2499989e+03   0.0000000e+00
   0.0000000e+00   9.6000000e+01   1.0000000e+02   2.3539312e+02   0.0000000e+00
   0.0000000e+00   9.6000000e+01   9.5000000e+01   2.3539312e+02   0.0000000e+00
   0.0000000e+00   9.6000000e+01   9.0000000e+01   3.1998876e+02   0.0000000e+00
   0.0000000e+00   9.6000000e+01   8.5000000e+01   1.1415621e+03   0.0000000e+00
   0.0000000e+00   9.6000000e+01   8.0000000e+01   1.2082284e+03   0.0000000e+00
   0.0000000e+00   9.6000000e+01   7.5000000e+01   1.2462090e+03   0.0000000e+00
   0.0000000e+00   9.6000000e+01   7.0000000e+01   1.2499999e+03   0.0000000e+00
   0.0000000e+00   1.1200000e+02   1.0000000e+02   2.3787966e+02   0.0000000e+00
   0.0000000e+00   1.1200000e+02   9.5000000e+01   2.3787966e+02   0.0000000e+00
   0.0000000e+00   1.1200000e+02   9.0000000e+01   3.2430278e+02   0.0000000e+00
   0.0000000e+00   1.1200000e+02   8.5000000e+01   1.1903196e+03   0.0000000e+00
   0.0000000e+00   1.1200000e+02   8.0000000e+01   1.2269605e+03   0.0000000e+00
   0.0000000e+00   1.1200000e+02   7.5000000e+01   1.2471836e+03   0.0000000e+00
   0.0000000e+00   1.1200000e+02   7.0000000e+01   1.2500001e+03   0.0000000e+00
   0.0000000e+00   1.2800000e+02   1.0000000e+02   2.3982187e+02   0.0000000e+00
   0.0000000e+00   1.2800000e+02   9.5000000e+01   2.3982187e+02   0.0000000e+00
   0.0000000e+00   1.2800000e+02   9.0000000e+01   3.2811128e+02   0.0000000e+00
   0.0000000e+00   1.2800000e+02   8.5000000e+01   1.2442885e+03   0.0000000e+00
   0.0000000e+00   1.2800000e+02   8.0000000e+01   1.2477754e+03   0.0000000e+00
   0.0000000e+00   1.2800000e+02   7.5000000e+01   1.2497043e+03   0.0000000e+00
   0.0000000e+00   1.2800000e+02   7.0000000e+01   1.2500000e+03   0.0000000e+00
   0.0000000e+00   1.4400000e+02   1.0000000e+02   2.3999998e+02   0.0000000e+00
   0.0000000e+00   1.4400000e+02   9.5000000e+01   2.3999998e+02   0.0000000e+00
   0.0000000e+00   1.4400000e+02   9.0000000e+01   3.2846718e+02   0.0000000e+00
   0.0000000e+00   1.4400000e+02   8.5000000e+01   1.2500000e+03   0.0000000e+00
   0.0000000e+00   1.4400000e+02   8.0000000e+01   1.2500000e+03   0.0000000e+00
   0.0000000e+00   1.4400000e+02   7.5000000e+01   1.2500001e+03   0.0000000e+00
   0.0000000e+00   1.4400000e+02   7.0000000e+01   1.2500001e+03   0.0000000e+00
   0.0000000e+00   1.6000000e+02   1.0000000e+02   2.3999998e+02   0.0000000e+00
   0.0000000e+00   1.6000000e+02   9.5000000e+01   2.3999998e+02   0.0000000e+00
   0.0000000e+00   1.6000000e+02   9.0000000e+01   3.2846722e+02   0.0000000e+00
   0.0000000e+00   1.6000000e+02   8.5000000e+01   1.2500001e+03   0.0000000e+00
   0.0000000e+00   1.6000000e+02   8.0000000e+01   1.2500001e+03   0.0000000e+00
   0.0000000e+00   1.6000000e+02   7.5000000e+01   1.2500001e+03   0.0000000e+00
   0.0000000e+00   1.6000000e+02   7.0000000e+01   1.2500001e+03   0.0000000e+00
   1.6000000e+01   0.0000000e+00   1.0000000e+02   2.3999998e+02   0.0000000e+00
   1.6000000e+01   0.0000000e+00   9.5000000e+01   2.3999998e+02   0.0000000e+00
   1.6000000e+01   0.0000000e+00   9.0000000e+01   3.2846717e+02   0.0000000e+00
   1.6000000e+01   0.0000000e+00   8.5000000e+01   1.2500001e+03   0.0000000e+00
   1.6000000e+01   0.0000000e+00   8.0000000e+01   1.2500000e+03   0.0000000e+00
   1.6000000e+01   0.0000000e+00   7.5000000e+01   1.2500001e+03   0.0000000e+00
   1.6000000e+01   0.0000000e+00   7.0000000e+01   1.2500001e+03   0.0000000e+00
   1.6000000e+01   1.6000000e+01   1.0000000e+02   2.3999998e+02   0.0000000e+00
   1.6000000e+01   1.6000000e+01   9.5000000e+01   2.3999998e+02   0.0000000e+00
   1.6000000e+01   1.6000000e+01   9.0000000e+01   3.2846716e+02   0.0000000e+00
   1.6000000e+01   1.6000000e+01   8.5000000e+01   1.2500000e+03   0.0000000e+00
   1.6000000e+01   1.6000000e+01   8.0000000e+01   1.2499995e+03   0.0000000e+00
   1.6000000e+01   1.6000000e+01   7.5000000e+01   1.2499994e+03   0.0000000e+00
   1.6000000e+01   1.6000000e+01   7.0000000e+01   1.2499997e+03   0.0000000e+00
   1.6000000e+01   3.2000000e+01   1.0000000e+02   2.3998404e+02   0.0000000e+00
   1.6000000e+01   3.2000000e+01   9.5000000e+01   2.3998404e+02   0.0000000e+00
   1.6000000e+01   3.2000000e+01   9.0000000e+01   3.2843634e+02   0.0000000e+00
   1.6000000e+01   3.2000000e+01   8.5000000e+01   1.2495266e+03   0.0000000e+00
   1.6000000e+01   3.2000000e+01   8.0000000e+01   1.2497697e+03   0.0000000e+00
   1.6000000e+01   3.2000000e+01   7.5000000e+01   1.2499219e+03   0.0000000e+00
   1.6000000e+01   3.2000000e+01   7.0000000e+01   1.2499824e+03   0.0000000e+00
   1.6000000e+01   4.8000000e+01   1.0000000e+02   2.3981073e+02   0.0000000e+00
   1.6000000e+01   4.8000000e+01   9.5000000e+01   2.3981073e+02   0.0000000e+00
   1.6000000e+01   4.8000000e+01   9.0000000e+01   3.2804743e+02   0.0000000e+00
   1.6000000e+01   4.8000000e+01   8.5000000e+01   1.2420987e+03   0.0000000e+00
   1.6000000e+01   4.8000000e+01   8.0000000e+01   1.2461809e+03   0.0000000e+00
   1.6000000e+01   4.8000000e+01   7.5000000e+01   1.2487692e+03  -8.7082253e-04
   1.6000000e+01   4.8000000e+01   7.0000000e+01   1.2498280e+03   0.0000000e+00
   1.6000000e+01   6.4000000e+01   1.0000000e+02   2.3918898e+02   0.0000000e+00
   1.6000000e+01   6.4000000e+01   9.5000000e+01   2.3918898e+02   0.0000000e+00
   1.6000000e+01   6.4000000e+01   9.0000000e+01   3.2652267e+02   0.0000000e+00
   1.6000000e+01   6.4000000e+01   8.5000000e+01   1.2107764e+03   0.0000000e+00
   1.6000000e+01   6.4000000e+01   8.0000000e+01   1.2287789e+03  -2.1573802e-03
   1.6000000e+01   6.4000000e+01   7.5000000e+01   1.2424237e+03  -4.0426830e-03
   1.6000000e+01   6.4000000e+01   7.0000000e+01   1.2495566e+03  -6.7266765e-03
   1.6000000e+01   8.0000000e+01   1.0000000e+02   2.3787925e+02   0.0000000e+00
   1.6000000e+01   8.0000000e+01   9.5000000e+01   2.3787925e+02  -1.0025886e-02
   1.6000000e+01   8.0000000e+01   9.0000000e+01   3.2416039e+02  -2.8048146e-02
   1.6000000e+01   8.0000000e+01   8.5000000e+01   1.1729806e+03  -4.6930924e-02
   1.6000000e+01   8.0000000e+01   8.0000000e+01   1.1966029e+03  -7.3500265e-02
   1.6000000e+01   8.0000000e+01   7.5000000e+01   1.2307109e+03  -6.8619367e-02
   1.6000000e+01   8.0000000e+01   7.0000000e+01   1.2493276e+03  -2.1319999e-02
   1.6000000e+01   9.6000000e+01   1.0000000e+02   2.3348063e+02   0.0000000e+00
   1.6000000e+01   9.6000000e+01   9.5000000e+01   2.3348063e+02  -1.6841743e-02
   1.6000000e+01   9.6000000e+01   9.0000000e+01   3.1340789e+02  -1.5802502e-02
   1.6000000e+01   9.6000000e+01   8.5000000e+01   1.0749022e+03  -1.0913618e-02
   1.6000000e+01   9.6000000e+01   8.0000000e+01   1.1807850e+03  -6.8725398e-03
   1.6000000e+01   9.6000000e+01   7.5000000e+01   1.2359026e+03  -3.2619309e-03
   1.6000000e+01   9.6000000e+01   7.0000000e+01   1.2499811e+03  -6.4512258e-04
   1.6000000e+01   1.1200000e+02   1.0000000e+02   2.3697475e+02   0.0000000e+00
   1.6000000e+01   1.1200000e+02   9.5000000e+01   2.3697475e+02   0.0000000e+00
   1.6000000e+01   1.1200000e+02   9.0000000e+01   3.2149056e+02   0.0000000e+00
   1.6000000e+01   1.1200000e+02   8.5000000e+01   1.1350162e+03   0.0000000e+00
   1.6000000e+01   1.1200000e+02   8.0000000e+01   1.1993816e+03   0.0000000e+00
   1.6000000e+01   1.1200000e+02   7.5000000e+01   1.2400521e+03   0.0000000e+00
   1.6000000e+01   1.1200000e+02   7.0000000e+01   1.2500125e+03   0.0000000e+00
   1.6000000e+01   1.2800000e+02   1.0000000e+02   2.3978839e+02   0.0000000e+00
   1.6000000e+01   1.2800000e+02   9.5000000e+01   2.3978839e+02   0.0000000e+00
   1.6000000e+01   1.2800000e+02   9.0000000e+01   3.2795212e+02   0.0000000e+00
   1.6000000e+01   1.2800000e+02   8.5000000e+01   1.2393129e+03   0.0000000e+00
   1.6000000e+01   1.2800000e+02   8.0000000e+01   1.2452172e+03   0.0000000e+00
   1.6000000e+01   1.2800000e+02   7.5000000e+01   1.2488731e+03   0.0000000e+00
   1.6000000e+01   1.2800000e+02   7.0000000e+01   1.2500004e+03   0.0000000e+00
   1.6000000e+01   1.4400000e+02   1.0000000e+02   2.4000405e+02   0.0000000e+00
   1.6000000e+01   1.4400000e+02   9.5000000e+01   2.4000405e+02   0.0000000e+00
   1.6000000e+01   1.4400000e+02   9.0000000e+01   3.2846694e+02   0.0000000e+00
   1.6000000e+01   1.4400000e+02   8.5000000e+01   1.2497698e+03   0.0000000e+00
   1.6000000e+01   1.4400000e+02   8.0000000e+01   1.2498944e+03   0.0000000e+00
   1.6000000e+01   1.4400000e+02   7.5000000e+01   1.2499713e+03   0.0000000e+00
   1.6000000e+01   1.4400000e+02   7.0000000e+01   1.2500001e+03   0.0000000e+00
   1.6000000e+01   1.6000000e+02   1.0000000e+02   2.3999998e+02   0.0000000e+00
   1.6000000e+01   1.6000000e+02   9.5000000e+01   2.3999998e+02   0.0000000e+00
   1.6000000e+01   1.6000000e+02   9.0000000e+01   3.2846717e+02   0.0000000e+00
   1.6000000e+01   1.6000000e+02   8.5000000e+01   1.2500001e+03   0.0000000e+00
   1.6000000e+01   1.6000000e+02   8.0000000e+01   1.2500002e+03   0.0000000e+00
   1.6000000e+01   1.6000000e+02   7.5000000e+01   1.2500002e+03   0.0000000e+00
   1.6000000e+01   1.6000000e+02   7.0000000e+01   1.2500001e+03   0.0000000e+00
   3.2000000e+01   0.0000000e+00   1.0000000e+02   2.3999762e+02   0.0000000e+00
   3.2000000e+01   0.0000000e+00   9.5000000e+01   2.3999762e+02   0.0000000e+00
   3.2000000e+01   0.0000000e+00   9.0000000e+01   3.2845655e+02   0.0000000e+00
   3.2000000e+01   0.0000000e+00   8.5000000e+01   1.2496679e+03   0.0000000e+00
   3.2000000e+01   0.0000000e+00   8.0000000e+01   1.2497926e+03   0.0000000e+00
   3.2000000e+01   0.0000000e+00   7.5000000e+01   1.2499033e+03   0.0000000e+00
   3.2000000e+01   0.0000000e+00   7.0000000e+01   1.2499997e+03   0.0000000e+00
   3.2000000e+01   1.6000000e+01   1.0000000e+02   2.3994796e+02   0.0000000e+00
   3.2000000e+01   1.6000000e+01   9.5000000e+01   2.3994796e+02   0.0000000e+00
   3.2000000e+01   1.6000000e+01   9.0000000e+01   3.2831488e+02   0.0000000e+00
   3.2000000e+01   1.6000000e+01   8.5000000e+01   1.2462753e+03   0.0000000e+00
   3.2000000e+01   1.6000000e+01   8.0000000e+01   1.2481098e+03   0.0000000e+00
   3.2000000e+01   1.6000000e+01   7.5000000e+01   1.2493508e+03   0.0000000e+00
   3.2000000e+01   1.6000000e+01   7.0000000e+01   1.2499687e+03   0.0000000e+00
   3.2000000e+01   3.2000000e+01   1.0000000e+02   2.3939714e+02   0.0000000e+00
   3.2000000e+01   3.2000000e+01   9.5000000e+01   2.3939714e+02   0.0000000e+00
   3.2000000e+01   3.2000000e+01   9.0000000e+01   3.2714502e+02   0.0000000e+00
   3.2000000e+01   3.2000000e+01   8.5000000e+01   1.2256946e+03   0.0000000e+00
   3.2000000e+01   3.2000000e+01   8.0000000e+01   1.2347681e+03  -2.1974261e-03
   3.2000000e+01   3.2000000e+01   7.5000000e+01   1.2432327e+03  -8.0510033e-04
   3.2000000e+01   3.2000000e+01   7.0000000e+01   1.2488195e+03  -7.0182603e-03
   3.2000000e+01   4.8000000e+01   1.0000000e+02   2.3636811e+02  -4.5667610e-03
   3.2000000e+01   4.8000000e+01   9.5000000e+01   2.3636811e+02  -7.3812017e-03
   3.2000000e+01   4.8000000e+01   9.0000000e+01   3.2146115e+02  -6.7589347e-03
   3.2000000e+01   4.8000000e+01   8.5000000e+01   1.1514016e+03  -6.5731116e-03
   3.2000000e+01   4.8000000e+01   8.0000000e+01   1.1726404e+03  -5.7919082e-03
   3.2000000e+01   4.8000000e+01   7.5000000e+01   1.2099184e+03  -4.4006043e-03
   3.2000000e+01   4.8000000e+01   7.0000000e+01   1.2363755e+03  -1.4358885e-02
   3.2000000e+01   6.4000000e+01   1.0000000e+02   2.3409497e+02  -1.2951951e-02
   3.2000000e+01   6.4000000e+01   9.5000000e+01   2.3409497e+02  -9.7422117e-03
   3.2000000e+01   6.4000000e+01   9.0000000e+01   3.1420259e+02  -3.5252350e-02
   3.2000000e+01   6.4000000e+01   8.5000000e+01   9.6800326e+02  -6.2695935e-02
   3.2000000e+01   6.4000000e+01   8.0000000e+01   1.0230189e+03  -9.0305781e-02
   3.2000000e+01   6.4000000e+01   7.5000000e+01   1.1393128e+03  -1.2481447e-01
   3.2000000e+01   6.4000000e+01   7.0000000e+01   1.2201104e+03  -3.8500213e-02
   3.2000000e+01   8.0000000e+01   1.0000000e+02   2.3523337e+02  -1.2845471e-02
   3.2000000e+01   8.0000000e+01   9.5000000e+01   2.3523337e+02   3.7030477e-03
   3.2000000e+01   8.0000000e+01   9.0000000e+01   3.0647240e+02   3.4746193e-03
   3.2000000e+01   8.0000000e+01   8.5000000e+01   8.7437589e+02   2.8931652e-05
   3.2000000e+01   8.0000000e+01   8.0000000e+01   9.3759307e+02  -3.0992071e-03
   3.2000000e+01   8.0000000e+01   7.5000000e+01   1.0884543e+03  -3.1570572e-02
   3.2000000e+01   8.0000000e+01   7.0000000e+01   1.2307835e+03  -7.0613397e-02
   3.2000000e+01   9.6000000e+01   1.0000000e+02   2.2830302e+02  -6.1375860e-03
   3.2000000e+01   9.6000000e+01   9.5000000e+01   2.2830302e+02   2.5346240e-02
   3.2000000e+01   9.6000000e+01   9.0000000e+01   2.8634969e+02   2.7875900e-02
   3.2000000e+01   9.6000000e+01   8.5000000e+01   8.2343068e+02   2.0405786e-02
   3.2000000e+01   9.6000000e+01   8.0000000e+01   9.4101813e+02  -3.2794397e-03
   3.2000000e+01   9.6000000e+01   7.5000000e+01   1.1545473e+03   1.2666989e-03
   3.2000000e+01   9.6000000e+01   7.0000000e+01   1.2621210e+03   7.7423407e-03
   3.2000000e+01   1.1200000e+02   1.0000000e+02   2.3167526e+02   0.0000000e+00
   3.2000000e+01   1.1200000e+02   9.5000000e+01   2.3167526e+02   5.1195835e-02
   3.2000000e+01   1.1200000e+02   9.0000000e+01   3.0770610e+02   7.4183205e-02
   3.2000000e+01   1.1200000e+02   8.5000000e+01   9.1847126e+02   9.0914631e-02
   3.2000000e+01   1.1200000e+02   8.0000000e+01   1.0327849e+03   1.2176776e-01
   3.2000000e+01   1.1200000e+02   7.5000000e+01   1.1974228e+03   3.0344896e-03
   3.2000000e+01   1.1200000e+02   7.0000000e+01   1.2500385e+03   2.0158215e-04
   3.2000000e+01   1.2800000e+02   1.0000000e+02   2.3942932e+02   0.0000000e+00
   3.2000000e+01   1.2800000e+02   9.5000000e+01   2.3942932e+02   0.0000000e+00
   3.2000000e+01   1.2800000e+02   9.0000000e+01   3.2656002e+02   0.0000000e+00
   3.2000000e+01   1.2800000e+02   8.5000000e+01   1.1932326e+03   0.0000000e+00
   3.2000000e+01   1.2800000e+02   8.0000000e+01   1.2194663e+03   0.0000000e+00
   3.2000000e+01   1.2800000e+02   7.5000000e+01   1.2435260e+03   0.0000000e+00
   3.2000000e+01   1.2800000e+02   7.0000000e+01   1.2500409e+03   0.0000000e+00
   3.2000000e+01   1.4400000e+02   1.0000000e+02   2.3999123e+02   0.0000000e+00
   3.2000000e+01   1.4400000e+02   9.5000000e+01   2.3999123e+02   0.0000000e+00
   3.2000000e+01   1.4400000e+02   9.0000000e+01   3.2834775e+02   0.0000000e+00
   3.2000000e+01   1.4400000e+02   8.5000000e+01   1.2453607e+03   0.0000000e+00
   3.2000000e+01   1.4400000e+02   8.0000000e+01   1.2478794e+03   0.0000000e+00
   3.2000000e+01   1.4400000e+02   7.5000000e+01   1.2494386e+03   0.0000000e+00
   3.2000000e+01   1.4400000e+02   7.0000000e+01   1.2500008e+03   0.0000000e+00
   3.2000000e+01   1.6000000e+02   1.0000000e+02   2.3999953e+02   0.0000000e+00
   3.2000000e+01   1.6000000e+02   9.5000000e+01   2.3999953e+02   0.0000000e+00
   3.2000000e+01   1.6000000e+02   9.0000000e+01   3.2846644e+02   0.0000000e+00
   3.2000000e+01   1.6000000e+02   8.5000000e+01   1.2499922e+03   0.0000000e+00
   3.2000000e+01   1.6000000e+02   8.0000000e+01   1.2499967e+03   0.0000000e+00
   3.2000000e+01   1.6000000e+02   7.5000000e+01   1.2499995e+03   0.0000000e+00
   3.2000000e+01   1.6000000e+02   7.0000000e+01   1.2500001e+03   0.0000000e+00
   4.8000000e+01   0.0000000e+00   1.0000000e+02   2.4074023e+02   0.0000000e+00
   4.8000000e+01   0.0000000e+00   9.5000000e+01   2.4074023e+02   0.0000000e+00
   4.8000000e+01   0.0000000e+00   9.0000000e+01   3.2926186e+02   0.0000000e+00
   4.8000000e+01   0.0000000e+00   8.5000000e+01   1.2444417e+03   0.0000000e+00
   4.8000000e+01   0.0000000e+00   8.0000000e+01   1.2472207e+03   0.0000000e+00
   4.8000000e+01   0.0000000e+00   7.5000000e+01   1.2490810e+03   0.0000000e+00
   4.8000000e+01   0.0000000e+00   7.0000000e+01   1.2500121e+03   0.0000000e+00
   4.8000000e+01   1.6000000e+01   1.0000000e+02   2.4000635e+02   0.0000000e+00
   4.8000000e+01   1.6000000e+01   9.5000000e+01   2.4000635e+02  -4.8691608e-03
   4.8000000e+01   1.6000000e+01   9.0000000e+01   3.2758595e+02  -4.5025534e-03
   4.8000000e+01   1.6000000e+01   8.5000000e+01   1.2103189e+03  -7.7760459e-03
   4.8000000e+01   1.6000000e+01   8.0000000e+01   1.2226587e+03  -1.0984956e-02
   4.8000000e+01   1.6000000e+01   7.5000000e+01   1.2392617e+03  -1.2685976e-02
   4.8000000e+01   1.6000000e+01   7.0000000e+01   1.2497370e+03  -5.6116958e-03
   4.8000000e+01   3.2000000e+01   1.0000000e+02   2.3438009e+02   0.0000000e+00
   4.8000000e+01   3.2000000e+01   9.5000000e+01   2.3438009e+02  -2.5317897e-02
   4.8000000e+01   3.2000000e+01   9.0000000e+01   3.1441423e+02  -2.7809523e-02
   4.8000000e+01   3.2000000e+01   8.5000000e+01   9.8919698e+02  -2.2314353e-02
   4.8000000e+01   3.2000000e+01   8.0000000e+01   1.0270055e+03  -1.4610611e-02
   4.8000000e+01   3.2000000e+01   7.5000000e+01   1.1282889e+03  -1.3235540e-02
   4.8000000e+01   3.2000000e+01   7.0000000e+01   1.2248394e+03  -2.1109695e-02
   4.8000000e+01   4.8000000e+01   1.0000000e+02   2.1922701e+02  -1.5626713e-02
   4.8000000e+01   4.8000000e+01   9.5000000e+01   2.1922701e+02  -3.5984751e-02
   4.8000000e+01   4.8000000e+01   9.0000000e+01   2.7671268e+02  -6.9693140e-02
   4.8000000e+01   4.8000000e+01   8.5000000e+01   7.7788895e+02  -8.0205206e-02
   4.8000000e+01   4.8000000e+01   8.0000000e+01   8.2733196e+02  -8.5709797e-02
   4.8000000e+01   4.8000000e+01   7.5000000e+01   9.7811634e+02  -5.6858267e-02
   4.8000000e+01   4.8000000e+01   7.0000000e+01   1.1812509e+03  -4.5230699e-02
   4.8000000e+01   6.4000000e+01   1.0000000e+02   2.2055834e+02  -2.1720628e-02
   4.8000000e+01   6.4000000e+01   9.5000000e+01   2.2055834e+02  -4.8205803e-03
   4.8000000e+01   6.4000000e+01   9.0000000e+01   2.7477771e+02  -4.3634331e-03
   4.8000000e+01   6.4000000e+01   8.5000000e+01   7.3769632e+02  -5.3416597e-03
   4.8000000e+01   6.4000000e+01   8.0000000e+01   8.1759942e+02  -2.1233428e-02
   4.8000000e+01   6.4000000e+01   7.5000000e+01   9.7331102e+02  -6.7258325e-02
   4.8000000e+01   6.4000000e+01   7.0000000e+01   1.1302413e+03  -1.5027251e-01
   4.8000000e+01   8.0000000e+01   1.0000000e+02   2.1004225e+02  -5.2693428e-02
   4.8000000e+01   8.0000000e+01   9.5000000e+01   2.1004225e+02  -8.6415143e-03
   4.8000000e+01   8.0000000e+01   9.0000000e+01   2.6286408e+02  -1.4041618e-02
   4.8000000e+01   8.0000000e+01   8.5000000e+01   7.2896095e+02  -1.4111981e-02
   4.8000000e+01   8.0000000e+01   8.0000000e+01   8.6390157e+02  -1.6044723e-02
   4.8000000e+01   8.0000000e+01   7.5000000e+01   1.0147270e+03  -1.8084843e-02
   4.8000000e+01   8.0000000e+01   7.0000000e+01   1.1838480e+03  -7.1869730e-02
   4.8000000e+01   9.6000000e+01   1.0000000e+02   2.2989631e+02  -6.7155836e-02
   4.8000000e+01   9.6000000e+01   9.5000000e+01   2.2989631e+02  -8.7066742e-03
   4.8000000e+01   9.6000000e+01   9.0000000e+01   2.9666123e+02  -7.9462713e-03
   4.8000000e+01   9.6000000e+01   8.5000000e+01   8.4696078e+02  -1.0639070e-03
   4.8000000e+01   9.6000000e+01   8.0000000e+01   8.8014042e+02   3.0247626e-02
   4.8000000e+01   9.6000000e+01   7.5000000e+01   1.1464756e+03   1.1232812e-01
   4.8000000e+01   9.6000000e+01   7.0000000e+01   1.2818256e+03   1.0503125e-01
   4.8000000e+01   1.1200000e+02   1.0000000e+02   2.3839751e+02  -3.9163789e-04
   4.8000000e+01   1.1200000e+02   9.5000000e+01   2.3839751e+02  -8.4868325e-03
   4.8000000e+01   1.1200000e+02   9.0000000e+01   3.1532032e+02  -4.5540899e-03
   4.8000000e+01   1.1200000e+02   8.5000000e+01   9.3012828e+02  -2.8189832e-03
   4.8000000e+01   1.1200000e+02   8.0000000e+01   9.8104087e+02   1.9782212e-02
   4.8000000e+01   1.1200000e+02   7.5000000e+01   1.2716232e+03   4.0202402e-02
   4.8000000e+01   1.1200000e+02   7.0000000e+01   1.2591715e+03   3.3665016e-02
   4.8000000e+01   1.2800000e+02   1.0000000e+02   2.3772965e+02   0.0000000e+00
   4.8000000e+01   1.2800000e+02   9.5000000e+01   2.3772965e+02  -2.8770904e-04
   4.8000000e+01   1.2800000e+02   9.0000000e+01   3.2057241e+02  -3.3153596e-04
   4.8000000e+01   1.2800000e+02   8.5000000e+01   1.0238011e+03  -3.8129077e-04
   4.8000000e+01   1.2800000e+02   8.0000000e+01   1.1234025e+03   1.7432577e-04
   4.8000000e+01   1.2800000e+02   7.5000000e+01   1.2330788e+03   8.7163024e-05
   4.8000000e+01   1.2800000e+02   7.0000000e+01   1.2507373e+03   0.0000000e+00
   4.8000000e+01   1.4400000e+02   1.0000000e+02   2.3962730e+02   0.0000000e+00
   4.8000000e+01   1.4400000e+02   9.5000000e+01   2.3962730e+02   0.0000000e+00
   4.8000000e+01   1.4400000e+02   9.0000000e+01   3.2721534e+02   0.0000000e+00
   4.8000000e+01   1.4400000e+02   8.5000000e+01   1.2170366e+03   0.0000000e+00
   4.8000000e+01   1.4400000e+02   8.0000000e+01   1.2354677e+03   0.0000000e+00
   4.8000000e+01   1.4400000e+02   7.5000000e+01   1.2466905e+03   0.0000000e+00
   4.8000000e+01   1.4400000e+02   7.0000000e+01   1.2500193e+03   0.0000000e+00
   4.8000000e+01   1.6000000e+02   1.0000000e+02   2.3995389e+02   0.0000000e+00
   4.8000000e+01   1.6000000e+02   9.5000000e+01   2.3995389e+02   0.0000000e+00
   4.8000000e+01   1.6000000e+02   9.0000000e+01   3.2834982e+02   0.0000000e+00
   4.8000000e+01   1.6000000e+02   8.5000000e+01   1.2474075e+03   0.0000000e+00
   4.8000000e+01   1.6000000e+02   8.0000000e+01   1.2490480e+03   0.0000000e+00
   4.8000000e+01   1.6000000e+02   7.5000000e+01   1.2499136e+03   0.0000000e+00
   4.8000000e+01   1.6000000e+02   7.0000000e+01   1.2500000e+03   0.0000000e+00
   6.4000000e+01   0.0000000e+00   1.0000000e+02   2.4558760e+02   0.0000000e+00
   6.4000000e+01   0.0000000e+00   9.5000000e+01   2.4558760e+02  -4.5048252e-02
   6.4000000e+01   0.0000000e+00   9.0000000e+01   3.3202488e+02  -4.3377341e-02
   6.4000000e+01   0.0000000e+00   8.5000000e+01   1.1322755e+03  -3.2167558e-02
   6.4000000e+01   0.0000000e+00   8.0000000e+01   1.2222185e+03  -1.8405754e-02
   6.4000000e+01   0.0000000e+00   7.5000000e+01   1.2557527e+03  -7.2541078e-03
   6.4000000e+01   0.0000000e+00   7.0000000e+01   1.2502961e+03   0.0000000e+00
   6.4000000e+01   1.6000000e+01   1.0000000e+02   2.4563914e+02   0.0000000e+00
   6.4000000e+01   1.6000000e+01   9.5000000e+01   2.4563914e+02  -1.1173314e-01
   6.4000000e+01   1.6000000e+01   9.0000000e+01   3.3144915e+02  -1.0967654e-01
   6.4000000e+01   1.6000000e+01   8.5000000e+01   1.0370229e+03  -9.0851011e-02
   6.4000000e+01   1.6000000e+01   8.0000000e+01   1.1005580e+03  -8.5254702e-02
   6.4000000e+01   1.6000000e+01   7.5000000e+01   1.2018411e+03  -7.6756719e-02
   6.4000000e+01   1.6000000e+01   7.0000000e+01   1.2478775e+03  -4.1834686e-02
   6.4000000e+01   3.2000000e+01   1.0000000e+02   2.3389850e+02  -2.5128487e-03
   6.4000000e+01   3.2000000e+01   9.5000000e+01   2.3389850e+02  -2.8255270e-02
   6.4000000e+01   3.2000000e+01   9.0000000e+01   3.0091863e+02  -4.4646416e-02
   6.4000000e+01   3.2000000e+01   8.5000000e+01   7.5947279e+02  -6.8083601e-02
   6.4000000e+01   3.2000000e+01   8.0000000e+01   8.3492702e+02  -9.0348880e-02
   6.4000000e+01   3.2000000e+01   7.5000000e+01   1.0077913e+03  -1.0091189e-01
   6.4000000e+01   3.2000000e+01   7.0000000e+01   1.1857929e+03  -6.2120568e-02
   6.4000000e+01   4.8000000e+01   1.0000000e+02   2.2372086e+02  -2.1058166e-02
   6.4000000e+01   4.8000000e+01   9.5000000e+01   2.2372086e+02  -2.3863427e-02
   6.4000000e+01   4.8000000e+01   9.0000000e+01   2.8067454e+02  -2.3020845e-02
   6.4000000e+01   4.8000000e+01   8.5000000e+01   7.7763949e+02  -1.9787985e-02
   6.4000000e+01   4.8000000e+01   8.0000000e+01   8.1735003e+02  -2.4331732e-02
   6.4000000e+01   4.8000000e+01   7.5000000e+01   9.6686989e+02  -3.8064299e-02
   6.4000000e+01   4.8000000e+01   7.0000000e+01   1.1057202e+03  -7.8934752e-02
   6.4000000e+01   6.4000000e+01   1.0000000e+02   2.1289295e+02  -9.8666754e-02
   6.4000000e+01   6.4000000e+01   9.5000000e+01   2.1289295e+02  -2.5948607e-03
   6.4000000e+01   6.4000000e+01   9.0000000e+01   2.6526886e+02  -3.0476781e-03
   6.4000000e+01   6.4000000e+01   8.5000000e+01   7.6082858e+02  -1.0575753e-02
   6.4000000e+01   6.4000000e+01   8.0000000e+01   8.1841619e+02  -6.6610427e-03
   6.4000000e+01   6.4000000e+01   7.5000000e+01   1.0073867e+03  -9.6186579e-03
   6.4000000e+01   6.4000000e+01   7.0000000e+01   1.2321689e+03  -4.5088397e-02
   6.4000000e+01   8.0000000e+01   1.0000000e+02   2.0765993e+02  -2.5418460e-01
   6.4000000e+01   8.0000000e+01   9.5000000e+01   2.0765993e+02   1.2350363e-03
   6.4000000e+01   8.0000000e+01   9.0000000e+01   2.5309039e+02   5.2411894e-03
   6.4000000e+01   8.0000000e+01   8.5000000e+01   7.8571819e+02   4.8869945e-03
   6.4000000e+01   8.0000000e+01   8.0000000e+01   8.3590938e+02  -6.2435511e-03
   6.4000000e+01   8.0000000e+01   7.5000000e+01   1.0728148e+03  -2.9043840e-02
   6.4000000e+01   8.0000000e+01   7.0000000e+01   1.5072976e+03  -5.3108553e-02
   6.4000000e+01   9.6000000e+01   1.0000000e+02   2.2536381e+02  -5.9126607e-02
   6.4000000e+01   9.6000000e+01   9.5000000e+01   2.2536381e+02   2.3440510e-03
   6.4000000e+01   9.6000000e+01   9.0000000e+01   2.8719975e+02   1.8265411e-03
   6.4000000e+01   9.6000000e+01   8.5000000e+01   9.6489346e+02  -4.6076764e-04
   6.4000000e+01   9.6000000e+01   8.0000000e+01   9.2456416e+02  -1.5926367e-02
   6.4000000e+01   9.6000000e+01   7.5000000e+01   1.4439572e+03   6.1965149e-03
   6.4000000e+01   9.6000000e+01   7.0000000e+01   1.5862765e+03   2.1253904e-01
   6.4000000e+01   1.1200000e+02   1.0000000e+02   2.2226223e+02   0.0000000e+00
   6.4000000e+01   1.1200000e+02   9.5000000e+01   2.2226223e+02   3.4941992e-02
   6.4000000e+01   1.1200000e+02   9.0000000e+01   2.9171836e+02   6.0407079e-02
   6.4000000e+01   1.1200000e+02   8.5000000e+01   9.1707029e+02   1.0403593e-01
   6.4000000e+01   1.1200000e+02   8.0000000e+01   9.9106502e+02   1.3723109e-01
   6.4000000e+01   1.1200000e+02   7.5000000e+01   1.5304859e+03   1.7054272e-01
   6.4000000e+01   1.1200000e+02   7.0000000e+01   1.3245482e+03   1.9390499e-02
   6.4000000e+01   1.2800000e+02   1.0000000e+02   2.2953424e+02   0.0000000e+00
   6.4000000e+01   1.2800000e+02   9.5000000e+01   2.2953424e+02   3.0062472e-02
   6.4000000e+01   1.2800000e+02   9.0000000e+01   3.0745033e+02   2.6801102e-02
   6.4000000e+01   1.2800000e+02   8.5000000e+01   9.2319773e+02   1.8550953e-02
   6.4000000e+01   1.2800000e+02   8.0000000e+01   1.1103046e+03   1.0730767e-02
   6.4000000e+01   1.2800000e+02   7.5000000e+01   1.3375948e+03   4.2419202e-03
   6.4000000e+01   1.2800000e+02   7.0000000e+01   1.2555441e+03   3.6062151e-04
   6.4000000e+01   1.4400000e+02   1.0000000e+02   2.3887341e+02   0.0000000e+00
   6.4000000e+01   1.4400000e+02   9.5000000e+01   2.3887341e+02   0.0000000e+00
   6.4000000e+01   1.4400000e+02   9.0000000e+01   3.2586550e+02   0.0000000e+00
   6.4000000e+01   1.4400000e+02   8.5000000e+01   1.1969261e+03   0.0000000e+00
   6.4000000e+01   1.4400000e+02   8.0000000e+01   1.2371550e+03   0.0000000e+00
   6.4000000e+01   1.4400000e+02   7.5000000e+01   1.2561723e+03   0.0000000e+00
   6.4000000e+01   1.4400000e+02   7.0000000e+01   1.2501659e+03   0.0000000e+00
   6.4000000e+01   1.6000000e+02   1.0000000e+02   2.4029646e+02   0.0000000e+00
   6.4000000e+01   1.6000000e+02   9.5000000e+01   2.4029646e+02   0.0000000e+00
   6.4000000e+01   1.6000000e+02   9.0000000e+01   3.2885619e+02   0.0000000e+00
   6.4000000e+01   1.6000000e+02   8.5000000e+01   1.2511162e+03   0.0000000e+00
   6.4000000e+01   1.6000000e+02   8.0000000e+01   1.2532970e+03   0.0000000e+00
   6.4000000e+01   1.6000000e+02   7.5000000e+01   1.2529722e+03   0.0000000e+00
   6.4000000e+01   1.6000000e+02   7.0000000e+01   1.2500003e+03   0.0000000e+00
   8.0000000e+01   0.0000000e+00   1.0000000e+02   2.2420715e+02   0.0000000e+00
   8.0000000e+01   0.0000000e+00   9.5000000e+01   2.2420715e+02  -2.5249373e-02
   8.0000000e+01   0.0000000e+00   9.0000000e+01   2.8329526e+02  -5.1540567e-02
   8.0000000e+01   0.0000000e+00   8.5000000e+01   7.8156152e+02  -7.4688995e-02
   8.0000000e+01   0.0000000e+00   8.0000000e+01   1.1962295e+03  -8.6277714e-02
   8.0000000e+01   0.0000000e+00   7.5000000e+01   1.3430631e+03  -1.4009486e-03
   8.0000000e+01   0.0000000e+00   7.0000000e+01   1.2513118e+03   0.0000000e+00
   8.0000000e+01   1.6000000e+01   1.0000000e+02   2.3713718e+02   0.0000000e+00
   8.0000000e+01   1.6000000e+01   9.5000000e+01   2.3713718e+02  -3.3532977e-02
   8.0000000e+01   1.6000000e+01   9.0000000e+01   3.0866937e+02  -3.1860682e-02
   8.0000000e+01   1.6000000e+01   8.5000000e+01   8.0608150e+02  -2.6287753e-02
   8.0000000e+01   1.6000000e+01   8.0000000e+01   1.0959156e+03  -4.8123470e-02
   8.0000000e+01   1.6000000e+01   7.5000000e+01   1.3484741e+03  -9.6391238e-02
   8.0000000e+01   1.6000000e+01   7.0000000e+01   1.2730463e+03  -1.0120363e-01
   8.0000000e+01   3.2000000e+01   1.0000000e+02   2.3345795e+02   0.0000000e+00
   8.0000000e+01   3.2000000e+01   9.5000000e+01   2.3345795e+02  -2.6513234e-02
   8.0000000e+01   3.2000000e+01   9.0000000e+01   3.0292404e+02  -4.5395003e-02
   8.0000000e+01   3.2000000e+01   8.5000000e+01   7.5110955e+02  -3.8034796e-02
   8.0000000e+01   3.2000000e+01   8.0000000e+01   9.4268296e+02  -4.3624697e-02
   8.0000000e+01   3.2000000e+01   7.5000000e+01   1.2073494e+03  -7.3878484e-02
   8.0000000e+01   3.2000000e+01   7.0000000e+01   1.4079660e+03  -1.8014148e-01
   8.0000000e+01   4.8000000e+01   1.0000000e+02   2.1379608e+02  -1.3939591e-01
   8.0000000e+01   4.8000000e+01   9.5000000e+01   2.1379608e+02  -6.8217315e-03
   8.0000000e+01   4.8000000e+01   9.0000000e+01   2.7471847e+02  -6.8050606e-03
   8.0000000e+01   4.8000000e+01   8.5000000e+01   8.5081189e+02  -6.4184772e-03
   8.0000000e+01   4.8000000e+01   8.0000000e+01   8.5173272e+02  -5.0143958e-03
   8.0000000e+01   4.8000000e+01   7.5000000e+01   1.0145817e+03  -1.7864846e-03
   8.0000000e+01   4.8000000e+01   7.0000000e+01   1.5854977e+03  -4.0346415e-02
   8.0000000e+01   6.4000000e+01   1.0000000e+02   2.0955173e+02  -2.4513545e-01
   8.0000000e+01   6.4000000e+01   9.5000000e+01   2.0955173e+02   4.5458098e-03
   8.0000000e+01   6.4000000e+01   9.0000000e+01   2.6879080e+02   4.1878577e-03
   8.0000000e+01   6.4000000e+01   8.5000000e+01   9.1674055e+02   8.4524671e-03
   8.0000000e+01   6.4000000e+01   8.0000000e+01   8.7893055e+02   1.5625145e-02
   8.0000000e+01   6.4000000e+01   7.5000000e+01   9.9169403e+02   7.7509639e-03
   8.0000000e+01   6.4000000e+01   7.0000000e+01   1.5558346e+03  -3.0785385e-02
   8.0000000e+01   8.0000000e+01   1.0000000e+02   1.9308711e+02  -1.3048101e-01
   8.0000000e+01   8.0000000e+01   9.5000000e+01   1.9308711e+02  -3.8487283e-03
   8.0000000e+01   8.0000000e+01   9.0000000e+01   2.4773592e+02  -3.7196889e-03
   8.0000000e+01   8.0000000e+01   8.5000000e+01   8.4297614e+02  -1.9952035e-03
   8.0000000e+01   8.0000000e+01   8.0000000e+01   9.2851050e+02   7.2161799e-03
   8.0000000e+01   8.0000000e+01   7.5000000e+01   1.3553940e+03   3.0130667e-02
   8.0000000e+01   8.0000000e+01   7.0000000e+01   1.7404698e+03   9.3681462e-02
   8.0000000e+01   9.6000000e+01   1.0000000e+02   2.1371591e+02   1.5946955e-02
   8.0000000e+01   9.6000000e+01   9.5000000e+01   2.1371591e+02  -8.6605915e-04
   8.0000000e+01   9.6000000e+01   9.0000000e+01   2.8333142e+02  -3.0976804e-03
   8.0000000e+01   9.6000000e+01   8.5000000e+01   1.0300781e+03   1.4112943e-03
   8.0000000e+01   9.6000000e+01   8.0000000e+01   9.8619212e+02   2.2952910e-02
   8.0000000e+01   9.6000000e+01   7.5000000e+01   1.6497292e+03   9.6843167e-02
   8.0000000e+01   9.6000000e+01   7.0000000e+01   1.6793378e+03   2.5645596e-01
   8.0000000e+01   1.1200000e+02   1.0000000e+02   2.1625466e+02   0.0000000e+00
   8.0000000e+01   1.1200000e+02   9.5000000e+01   2.1625466e+02   1.1195959e-02
   8.0000000e+01   1.1200000e+02   9.0000000e+01   2.8885022e+02   2.5590671e-02
   8.0000000e+01   1.1200000e+02   8.5000000e+01   9.8242611e+02   4.1611718e-02
   8.0000000e+01   1.1200000e+02   8.0000000e+01   1.1394346e+03   6.1675663e-02
   8.0000000e+01   1.1200000e+02   7.5000000e+01   1.7397670e+03   7.6391429e-03
   8.0000000e+01   1.1200000e+02   7.0000000e+01   1.3724846e+03  -3.5243798e-02
   8.0000000e+01   1.2800000e+02   1.0000000e+02   2.2551714e+02   0.0000000e+00
   8.0000000e+01   1.2800000e+02   9.5000000e+01   2.2551714e+02   2.0499542e-02
   8.0000000e+01   1.2800000e+02   9.0000000e+01   3.0273564e+02   2.4949929e-03
   8.0000000e+01   1.2800000e+02   8.5000000e+01   9.5047938e+02  -2.4442966e-02
   8.0000000e+01   1.2800000e+02   8.0000000e+01   1.2020401e+03  -4.7377863e-02
   8.0000000e+01   1.2800000e+02   7.5000000e+01   1.6913201e+03  -7.3297318e-02
   8.0000000e+01   1.2800000e+02   7.0000000e+01   1.2651753e+03   2.7471504e-04
   8.0000000e+01   1.4400000e+02   1.0000000e+02   2.4001572e+02   0.0000000e+00
   8.0000000e+01   1.4400000e+02   9.5000000e+01   2.4001572e+02   6.7189205e-04
   8.0000000e+01   1.4400000e+02   9.0000000e+01   3.3007467e+02   5.3669252e-04
   8.0000000e+01   1.4400000e+02   8.5000000e+01   1.2191004e+03   3.0009543e-04
   8.0000000e+01   1.4400000e+02   8.0000000e+01   1.3243399e+03   2.9697543e-05
   8.0000000e+01   1.4400000e+02   7.5000000e+01   1.3071255e+03   0.0000000e+00
   8.0000000e+01   1.4400000e+02   7.0000000e+01   1.2504302e+03   0.0000000e+00
   8.0000000e+01   1.6000000e+02   1.0000000e+02   2.4396756e+02   0.0000000e+00
   8.0000000e+01   1.6000000e+02   9.5000000e+01   2.4396756e+02   0.0000000e+00
   8.0000000e+01   1.6000000e+02   9.0000000e+01   3.3640759e+02   0.0000000e+00
   8.0000000e+01   1.6000000e+02   8.5000000e+01   1.3816072e+03   0.0000000e+00
   8.0000000e+01   1.6000000e+02   8.0000000e+01   1.3181937e+03   0.0000000e+00
   8.0000000e+01   1.6000000e+02   7.5000000e+01   1.2739257e+03   0.0000000e+00
   8.0000000e+01   1.6000000e+02   7.0000000e+01   1.2500009e+03   0.0000000e+00
   9.6000000e+01   0.0000000e+00   1.0000000e+02   2.1977609e+02   0.0000000e+00
   9.6000000e+01   0.0000000e+00   9.5000000e+01   2.1977609e+02   0.0000000e+00
   9.6000000e+01   0.0000000e+00   9.0000000e+01   2.9025463e+02   0.0000000e+00
   9.6000000e+01   0.0000000e+00   8.5000000e+01   9.2593138e+02   0.0000000e+00
   9.6000000e+01   0.0000000e+00   8.0000000e+01   1.1416537e+03   1.1426737e-04
   9.6000000e+01   0.0000000e+00   7.5000000e+01   1.2673666e+03   0.0000000e+00
   9.6000000e+01   0.0000000e+00   7.0000000e+01   1.2515317e+03   0.0000000e+00
   9.6000000e+01   1.6000000e+01   1.0000000e+02   2.2118538e+02   0.0000000e+00
   9.6000000e+01   1.6000000e+01   9.5000000e+01   2.2118538e+02  -1.3014190e-02
   9.6000000e+01   1.6000000e+01   9.0000000e+01   2.8299099e+02  -1.2485776e-02
   9.6000000e+01   1.6000000e+01   8.5000000e+01   8.3985869e+02  -8.3707792e-03
   9.6000000e+01   1.6000000e+01   8.0000000e+01   1.0682090e+03  -3.3531526e-03
   9.6000000e+01   1.6000000e+01   7.5000000e+01   1.4213928e+03  -1.7809434e-02
   9.6000000e+01   1.6000000e+01   7.0000000e+01   1.2630944e+03  -3.3033845e-02
   9.6000000e+01   3.2000000e+01   1.0000000e+02   2.3061018e+02   0.0000000e+00
   9.6000000e+01   3.2000000e+01   9.5000000e+01   2.3061018e+02  -3.6218982e-03
   9.6000000e+01   3.2000000e+01   9.0000000e+01   3.0291361e+02   4.0901731e-03
   9.6000000e+01   3.2000000e+01   8.5000000e+01   8.6049915e+02   1.2674083e-02
   9.6000000e+01   3.2000000e+01   8.0000000e+01   1.0325819e+03   1.3845742e-02
   9.6000000e+01   3.2000000e+01   7.5000000e+01   1.4020940e+03   1.4674321e-02
   9.6000000e+01   3.2000000e+01   7.0000000e+01   1.2932579e+03  -8.3825668e-02
   9.6000000e+01   4.8000000e+01   1.0000000e+02   2.2412031e+02  -2.5823484e-05
   9.6000000e+01   4.8000000e+01   9.5000000e+01   2.2412031e+02   8.2393211e-03
   9.6000000e+01   4.8000000e+01   9.0000000e+01   3.0523039e+02   1.2167095e-02
   9.6000000e+01   4.8000000e+01   8.5000000e+01   9.9285899e+02  -3.9982688e-03
   9.6000000e+01   4.8000000e+01   8.0000000e+01   1.0580249e+03  -1.1754369e-02
   9.6000000e+01   4.8000000e+01   7.5000000e+01   1.1918223e+03  -2.7233288e-02
   9.6000000e+01   4.8000000e+01   7.0000000e+01   1.5363703e+03   8.4617440e-03
   9.6000000e+01   6.4000000e+01   1.0000000e+02   2.1364280e+02  -6.6913782e-03
   9.6000000e+01   6.4000000e+01   9.5000000e+01   2.1364280e+02  -9.2995227e-03
   9.6000000e+01   6.4000000e+01   9.0000000e+01   2.6899954e+02  -9.4372133e-03
   9.6000000e+01   6.4000000e+01   8.5000000e+01   9.7773334e+02  -7.7825086e-03
   9.6000000e+01   6.4000000e+01   8.0000000e+01   1.0254991e+03  -2.1948247e-04
   9.6000000e+01   6.4000000e+01   7.5000000e+01   1.3008705e+03   7.2570568e-03
   9.6000000e+01   6.4000000e+01   7.0000000e+01   1.6903676e+03   8.2739873e-02
   9.6000000e+01   8.0000000e+01   1.0000000e+02   2.0742963e+02   7.1186909e-03
   9.6000000e+01   8.0000000e+01   9.5000000e+01   2.0742963e+02   1.6159224e-02
   9.6000000e+01   8.0000000e+01   9.0000000e+01   2.6675212e+02   2.7715431e-02
   9.6000000e+01   8.0000000e+01   8.5000000e+01   1.0336457e+03   4.4373539e-02
   9.6000000e+01   8.0000000e+01   8.0000000e+01   9.8572078e+02   5.9228902e-02
   9.6000000e+01   8.0000000e+01   7.5000000e+01   1.4116058e+03   4.9612593e-02
   9.6000000e+01   8.0000000e+01   7.0000000e+01   1.7191068e+03   3.2942026e-01
   9.6000000e+01   9.6000000e+01   1.0000000e+02   2.2726046e+02  -1.3299498e-04
   9.6000000e+01   9.6000000e+01   9.5000000e+01   2.2726046e+02   4.3489232e-02
   9.6000000e+01   9.6000000e+01   9.0000000e+01   3.0385787e+02   4.2100909e-02
   9.6000000e+01   9.6000000e+01   8.5000000e+01   1.0279125e+03   4.2233583e-02
   9.6000000e+01   9.6000000e+01   8.0000000e+01   1.1443708e+03   3.9547934e-02
   9.6000000e+01   9.6000000e+01   7.5000000e+01   1.7543694e+03   4.0883750e-02
   9.6000000e+01   9.6000000e+01   7.0000000e+01   1.5552930e+03   8.9163144e-02
   9.6000000e+01   1.1200000e+02   1.0000000e+02   2.1797134e+02   0.0000000e+00
   9.6000000e+01   1.1200000e+02   9.5000000e+01   2.1797134e+02   2.8377796e-02
   9.6000000e+01   1.1200000e+02   9.0000000e+01   2.9233768e+02   2.3467090e-02
   9.6000000e+01   1.1200000e+02   8.5000000e+01   9.2146191e+02   1.4600518e-02
   9.6000000e+01   1.1200000e+02   8.0000000e+01   1.1139740e+03   1.9529446e-02
   9.6000000e+01   1.1200000e+02   7.5000000e+01   1.6572610e+03   3.3138611e-02
   9.6000000e+01   1.1200000e+02   7.0000000e+01   1.3154443e+03   2.1884482e-02
   9.6000000e+01   1.2800000e+02   1.0000000e+02   2.2791875e+02   0.0000000e+00
   9.6000000e+01   1.2800000e+02   9.5000000e+01   2.2791875e+02   2.8265225e-02
   9.6000000e+01   1.2800000e+02   9.0000000e+01   3.0764075e+02   3.5593082e-02
   9.6000000e+01   1.2800000e+02   8.5000000e+01   1.0473886e+03   2.8019941e-02
   9.6000000e+01   1.2800000e+02   8.0000000e+01   1.3450480e+03   2.1178003e-02
   9.6000000e+01   1.2800000e+02   7.5000000e+01   1.6028721e+03   8.9171464e-03
   9.6000000e+01   1.2800000e+02   7.0000000e+01   1.2558576e+03   0.0000000e+00
   9.6000000e+01   1.4400000e+02   1.0000000e+02   2.4680601e+02   0.0000000e+00
   9.6000000e+01   1.4400000e+02   9.5000000e+01   2.4680601e+02   1.9242816e-03
   9.6000000e+01   1.4400000e+02   9.0000000e+01   3.4113022e+02   9.8247041e-04
   9.6000000e+01   1.4400000e+02   8.5000000e+01   1.4282261e+03   2.1380056e-05
   9.6000000e+01   1.4400000e+02   8.0000000e+01   1.4601582e+03  -2.4155063e-05
   9.6000000e+01   1.4400000e+02   7.5000000e+01   1.3151069e+03   0.0000000e+00
   9.6000000e+01   1.4400000e+02   7.0000000e+01   1.2501951e+03   0.0000000e+00
   9.6000000e+01   1.6000000e+02   1.0000000e+02   2.5349145e+02   0.0000000e+00
   9.6000000e+01   1.6000000e+02   9.5000000e+01   2.5349145e+02   0.0000000e+00
   9.6000000e+01   1.6000000e+02   9.0000000e+01   3.5216449e+02   0.0000000e+00
   9.6000000e+01   1.6000000e+02   8.5000000e+01   1.5647791e+03   0.0000000e+00
   9.6000000e+01   1.6000000e+02   8.0000000e+01   1.3794524e+03   0.0000000e+00
   9.6000000e+01   1.6000000e+02   7.5000000e+01   1.2923819e+03   0.0000000e+00
   9.6000000e+01   1.6000000e+02   7.0000000e+01   1.2500002e+03   0.0000000e+00
   1.1200000e+02   0.0000000e+00   1.0000000e+02   2.3753272e+02   0.0000000e+00
   1.1200000e+02   0.0000000e+00   9.5000000e+01   2.3753272e+02   0.0000000e+00
   1.1200000e+02   0.0000000e+00   9.0000000e+01   3.2336872e+02   0.0000000e+00
   1.1200000e+02   0.0000000e+00   8.5000000e+01   1.1656823e+03   0.0000000e+00
   1.1200000e+02   0.0000000e+00   8.0000000e+01   1.2197995e+03   0.0000000e+00
   1.1200000e+02   0.0000000e+00   7.5000000e+01   1.2494443e+03   0.0000000e+00
   1.1200000e+02   0.0000000e+00   7.0000000e+01   1.2504086e+03   0.0000000e+00
   1.1200000e+02   1.6000000e+01   1.0000000e+02   2.3517564e+02   0.0000000e+00
   1.1200000e+02   1.6000000e+01   9.5000000e+01   2.3517564e+02  -4.2250958e-04
   1.1200000e+02   1.6000000e+01   9.0000000e+01   3.1772541e+02  -4.7307804e-04
   1.1200000e+02   1.6000000e+01   8.5000000e+01   1.1055247e+03  -5.9107576e-04
   1.1200000e+02   1.6000000e+01   8.0000000e+01   1.2018727e+03  -5.8201418e-03
   1.1200000e+02   1.6000000e+01   7.5000000e+01   1.2829363e+03  -3.4501601e-03
   1.1200000e+02   1.6000000e+01   7.0000000e+01   1.2517461e+03   5.1388403e-04
   1.1200000e+02   3.2000000e+01   1.0000000e+02   2.2108316e+02   0.0000000e+00
   1.1200000e+02   3.2000000e+01   9.5000000e+01   2.2108316e+02   3.1581353e-02
   1.1200000e+02   3.2000000e+01   9.0000000e+01   2.9673848e+02   3.0300578e-02
   1.1200000e+02   3.2000000e+01   8.5000000e+01   9.8129955e+02   2.4880695e-02
   1.1200000e+02   3.2000000e+01   8.0000000e+01   1.2736344e+03   2.3836900e-02
   1.1200000e+02   3.2000000e+01   7.5000000e+01   1.6390431e+03   1.9815315e-02
   1.1200000e+02   3.2000000e+01   7.0000000e+01   1.2711503e+03  -6.3536608e-03
   1.1200000e+02   4.8000000e+01   1.0000000e+02   2.2334589e+02   0.0000000e+00
   1.1200000e+02   4.8000000e+01   9.5000000e+01   2.2334589e+02   5.9930633e-06
   1.1200000e+02   4.8000000e+01   9.0000000e+01   3.1461736e+02   1.6216284e-02
   1.1200000e+02   4.8000000e+01   8.5000000e+01   1.0935103e+03   1.5341145e-02
   1.1200000e+02   4.8000000e+01   8.0000000e+01   1.2251937e+03   2.4612066e-02
   1.1200000e+02   4.8000000e+01   7.5000000e+01   1.6561465e+03   4.6467682e-02
   1.1200000e+02   4.8000000e+01   7.0000000e+01   1.3230216e+03   5.6063027e-02
   1.1200000e+02   6.4000000e+01   1.0000000e+02   2.2139330e+02   0.0000000e+00
   1.1200000e+02   6.4000000e+01   9.5000000e+01   2.2139330e+02   1.2540659e-02
   1.1200000e+02   6.4000000e+01   9.0000000e+01   2.8926002e+02   1.1084934e-02
   1.1200000e+02   6.4000000e+01   8.5000000e+01   1.0941543e+03   1.2791232e-02
   1.1200000e+02   6.4000000e+01   8.0000000e+01   1.0795892e+03   1.1108134e-02
   1.1200000e+02   6.4000000e+01   7.5000000e+01   1.6263970e+03   5.9108809e-02
   1.1200000e+02   6.4000000e+01   7.0000000e+01   1.5095595e+03   1.5360477e-01
   1.1200000e+02   8.0000000e+01   1.0000000e+02   2.1485638e+02   0.0000000e+00
   1.1200000e+02   8.0000000e+01   9.5000000e+01   2.1485638e+02   2.2404984e-02
   1.1200000e+02   8.0000000e+01   9.0000000e+01   2.8746529e+02   4.3467187e-02
   1.1200000e+02   8.0000000e+01   8.5000000e+01   9.0583281e+02   6.9145768e-02
   1.1200000e+02   8.0000000e+01   8.0000000e+01   1.1325787e+03   1.0285790e-01
   1.1200000e+02   8.0000000e+01   7.5000000e+01   1.7378416e+03   1.4850960e-01
   1.1200000e+02   8.0000000e+01   7.0000000e+01   1.5401152e+03   1.1027083e-01
   1.1200000e+02   9.6000000e+01   1.0000000e+02   2.1949283e+02   0.0000000e+00
   1.1200000e+02   9.6000000e+01   9.5000000e+01   2.1949283e+02  -2.2294814e-03
   1.1200000e+02   9.6000000e+01   9.0000000e+01   2.9540104e+02  -2.3084622e-03
   1.1200000e+02   9.6000000e+01   8.5000000e+01   8.9594144e+02  -3.5350394e-03
   1.1200000e+02   9.6000000e+01   8.0000000e+01   1.0717243e+03  -4.0630207e-03
   1.1200000e+02   9.6000000e+01   7.5000000e+01   1.6220093e+03  -2.0331883e-03
   1.1200000e+02   9.6000000e+01   7.0000000e+01   1.3694854e+03   4.1532369e-03
   1.1200000e+02   1.1200000e+02   1.0000000e+02   2.3578671e+02   0.0000000e+00
   1.1200000e+02   1.1200000e+02   9.5000000e+01   2.3578671e+02   5.1937820e-03
   1.1200000e+02   1.1200000e+02   9.0000000e+01   3.1913186e+02   4.4186864e-03
   1.1200000e+02   1.1200000e+02   8.5000000e+01   1.1657270e+03   3.4187946e-03
   1.1200000e+02   1.1200000e+02   8.0000000e+01   1.3249118e+03   1.8331784e-03
   1.1200000e+02   1.1200000e+02   7.5000000e+01   1.5896764e+03  -8.3909848e-05
   1.1200000e+02   1.1200000e+02   7.0000000e+01   1.2753607e+03   0.0000000e+00
   1.1200000e+02   1.2800000e+02   1.0000000e+02   2.5644089e+02   0.0000000e+00
   1.1200000e+02   1.2800000e+02   9.5000000e+01   2.5644089e+02   0.0000000e+00
   1.1200000e+02   1.2800000e+02   9.0000000e+01   3.5721240e+02   0.0000000e+00
   1.1200000e+02   1.2800000e+02   8.5000000e+01   1.5811181e+03   0.0000000e+00
   1.1200000e+02   1.2800000e+02   8.0000000e+01   1.4157872e+03   0.0000000e+00
   1.1200000e+02   1.2800000e+02   7.5000000e+01   1.3741016e+03   0.0000000e+00
   1.1200000e+02   1.2800000e+02   7.0000000e+01   1.2516311e+03   0.0000000e+00
   1.1200000e+02   1.4400000e+02   1.0000000e+02   2.4301496e+02   0.0000000e+00
   1.1200000e+02   1.4400000e+02   9.5000000e+01   2.4301496e+02   0.0000000e+00
   1.1200000e+02   1.4400000e+02   9.0000000e+01   3.3332590e+02   0.0000000e+00
   1.1200000e+02   1.4400000e+02   8.5000000e+01   1.3114799e+03   0.0000000e+00
   1.1200000e+02   1.4400000e+02   8.0000000e+01   1.2954801e+03   0.0000000e+00
   1.1200000e+02   1.4400000e+02   7.5000000e+01   1.2696212e+03   0.0000000e+00
   1.1200000e+02   1.4400000e+02   7.0000000e+01   1.2500292e+03   0.0000000e+00
   1.1200000e+02   1.6000000e+02   1.0000000e+02   2.4221840e+02   0.0000000e+00
   1.1200000e+02   1.6000000e+02   9.5000000e+01   2.4221840e+02   0.0000000e+00
   1.1200000e+02   1.6000000e+02   9.0000000e+01   3.3244031e+02   0.0000000e+00
   1.1200000e+02   1.6000000e+02   8.5000000e+01   1.3036307e+03   0.0000000e+00
   1.1200000e+02   1.6000000e+02   8.0000000e+01   1.2759608e+03   0.0000000e+00
   1.1200000e+02   1.6000000e+02   7.5000000e+01   1.2583707e+03   0.0000000e+00
   1.1200000e+02   1.6000000e+02   7.0000000e+01   1.2500001e+03   0.0000000e+00
   1.2800000e+02   0.0000000e+00   1.0000000e+02   2.3985943e+02   0.0000000e+00
   1.2800000e+02   0.0000000e+00   9.5000000e+01   2.3985943e+02   0.0000000e+00
   1.2800000e+02   0.0000000e+00   9.0000000e+01   3.2809235e+02   0.0000000e+00
   1.2800000e+02   0.0000000e+00   8.5000000e+01   1.2414908e+03   0.0000000e+00
   1.2800000e+02   0.0000000e+00   8.0000000e+01   1.2471861e+03   0.0000000e+00
   1.2800000e+02   0.0000000e+00   7.5000000e+01   1.2500751e+03   0.0000000e+00
   1.2800000e+02   0.0000000e+00   7.0000000e+01   1.2500341e+03   0.0000000e+00
   1.2800000e+02   1.6000000e+01   1.0000000e+02   2.3907420e+02   0.0000000e+00
   1.2800000e+02   1.6000000e+01   9.5000000e+01   2.3907420e+02   0.0000000e+00
   1.2800000e+02   1.6000000e+01   9.0000000e+01   3.2689893e+02   0.0000000e+00
   1.2800000e+02   1.6000000e+01   8.5000000e+01   1.2323543e+03   0.0000000e+00
   1.2800000e+02   1.6000000e+01   8.0000000e+01   1.2522144e+03   0.0000000e+00
   1.2800000e+02   1.6000000e+01   7.5000000e+01   1.2586389e+03   0.0000000e+00
   1.2800000e+02   1.6000000e+01   7.0000000e+01   1.2502026e+03   0.0000000e+00
   1.2800000e+02   3.2000000e+01   1.0000000e+02   2.2976764e+02   0.0000000e+00
   1.2800000e+02   3.2000000e+01   9.5000000e+01   2.2976764e+02   2.0781946e-02
   1.2800000e+02   3.2000000e+01   9.0000000e+01   3.1057798e+02   1.6890245e-02
   1.2800000e+02   3.2000000e+01   8.5000000e+01   1.0863555e+03   1.5144686e-02
   1.2800000e+02   3.2000000e+01   8.0000000e+01   1.2972868e+03   1.2106817e-02
   1.2800000e+02   3.2000000e+01   7.5000000e+01   1.3786228e+03   4.6675666e-03
   1.2800000e+02   3.2000000e+01   7.0000000e+01   1.2520447e+03  -3.7896935e-04
   1.2800000e+02   4.8000000e+01   1.0000000e+02   2.1207203e+02   0.0000000e+00
   1.2800000e+02   4.8000000e+01   9.5000000e+01   2.1207203e+02   3.0186111e-02
   1.2800000e+02   4.8000000e+01   9.0000000e+01   2.7832272e+02   2.7379011e-02
   1.2800000e+02   4.8000000e+01   8.5000000e+01   8.7647269e+02   2.1117452e-02
   1.2800000e+02   4.8000000e+01   8.0000000e+01   1.2440721e+03   3.8294514e-02
   1.2800000e+02   4.8000000e+01   7.5000000e+01   1.5178386e+03   7.9157297e-02
   1.2800000e+02   4.8000000e+01   7.0000000e+01   1.2650522e+03   3.6852437e-02
   1.2800000e+02   6.4000000e+01   1.0000000e+02   2.2688550e+02   0.0000000e+00
   1.2800000e+02   6.4000000e+01   9.5000000e+01   2.2688550e+02   3.6690182e-02
   1.2800000e+02   6.4000000e+01   9.0000000e+01   3.1276051e+02   3.6448208e-02
   1.2800000e+02   6.4000000e+01   8.5000000e+01   9.7194602e+02   3.0711184e-02
   1.2800000e+02   6.4000000e+01   8.0000000e+01   1.1415039e+03   3.6650390e-02
   1.2800000e+02   6.4000000e+01   7.5000000e+01   1.6181130e+03   4.3328037e-02
   1.2800000e+02   6.4000000e+01   7.0000000e+01   1.2934075e+03   3.4355684e-02
   1.2800000e+02   8.0000000e+01   1.0000000e+02   2.3662855e+02   0.0000000e+00
   1.2800000e+02   8.0000000e+01   9.5000000e+01   2.3662855e+02   1.1447874e-02
   1.2800000e+02   8.0000000e+01   9.0000000e+01   3.2924959e+02   9.7719801e-03
   1.2800000e+02   8.0000000e+01   8.5000000e+01   1.0427959e+03   6.3640673e-03
   1.2800000e+02   8.0000000e+01   8.0000000e+01   1.2820235e+03   2.8369498e-03
   1.2800000e+02   8.0000000e+01   7.5000000e+01   1.6900636e+03   6.6627069e-04
   1.2800000e+02   8.0000000e+01   7.0000000e+01   1.2865174e+03   6.8628618e-05
   1.2800000e+02   9.6000000e+01   1.0000000e+02   2.2626020e+02   0.0000000e+00
   1.2800000e+02   9.6000000e+01   9.5000000e+01   2.2626020e+02   0.0000000e+00
   1.2800000e+02   9.6000000e+01   9.0000000e+01   3.0398296e+02   0.0000000e+00
   1.2800000e+02   9.6000000e+01   8.5000000e+01   9.6812530e+02   0.0000000e+00
   1.2800000e+02   9.6000000e+01   8.0000000e+01   1.1695973e+03   0.0000000e+00
   1.2800000e+02   9.6000000e+01   7.5000000e+01   1.3653582e+03   0.0000000e+00
   1.2800000e+02   9.6000000e+01   7.0000000e+01   1.2615774e+03   0.0000000e+00
   1.2800000e+02   1.1200000e+02   1.0000000e+02   2.3980590e+02   0.0000000e+00
   1.2800000e+02   1.1200000e+02   9.5000000e+01   2.3980590e+02   0.0000000e+00
   1.2800000e+02   1.1200000e+02   9.0000000e+01   3.2829187e+02   0.0000000e+00
   1.2800000e+02   1.1200000e+02   8.5000000e+01   1.2522342e+03   0.0000000e+00
   1.2800000e+02   1.1200000e+02   8.0000000e+01   1.2725746e+03   0.0000000e+00
   1.2800000e+02   1.1200000e+02   7.5000000e+01   1.2814715e+03   0.0000000e+00
   1.2800000e+02   1.1200000e+02   7.0000000e+01   1.2513890e+03   0.0000000e+00
   1.2800000e+02   1.2800000e+02   1.0000000e+02   2.4134072e+02   0.0000000e+00
   1.2800000e+02   1.2800000e+02   9.5000000e+01   2.4134072e+02   0.0000000e+00
   1.2800000e+02   1.2800000e+02   9.0000000e+01   3.3069602e+02   0.0000000e+00
   1.2800000e+02   1.2800000e+02   8.5000000e+01   1.2749413e+03   0.0000000e+00
   1.2800000e+02   1.2800000e+02   8.0000000e+01   1.2670676e+03   0.0000000e+00
   1.2800000e+02   1.2800000e+02   7.5000000e+01   1.2593662e+03   0.0000000e+00
   1.2800000e+02   1.2800000e+02   7.0000000e+01   1.2500872e+03   0.0000000e+00
   1.2800000e+02   1.4400000e+02   1.0000000e+02   2.4030973e+02   0.0000000e+00
   1.2800000e+02   1.4400000e+02   9.5000000e+01   2.4030973e+02   0.0000000e+00
   1.2800000e+02   1.4400000e+02   9.0000000e+01   3.2900836e+02   0.0000000e+00
   1.2800000e+02   1.4400000e+02   8.5000000e+01   1.2568150e+03   0.0000000e+00
   1.2800000e+02   1.4400000e+02   8.0000000e+01   1.2538252e+03   0.0000000e+00
   1.2800000e+02   1.4400000e+02   7.5000000e+01   1.2515651e+03   0.0000000e+00
   1.2800000e+02   1.4400000e+02   7.0000000e+01   1.2500014e+03   0.0000000e+00
   1.2800000e+02   1.6000000e+02   1.0000000e+02   2.4009778e+02   0.0000000e+00
   1.2800000e+02   1.6000000e+02   9.5000000e+01   2.4009778e+02   0.0000000e+00
   1.2800000e+02   1.6000000e+02   9.0000000e+01   3.2866782e+02   0.0000000e+00
   1.2800000e+02   1.6000000e+02   8.5000000e+01   1.2534431e+03   0.0000000e+00
   1.2800000e+02   1.6000000e+02   8.0000000e+01   1.2515207e+03   0.0000000e+00
   1.2800000e+02   1.6000000e+02   7.5000000e+01   1.2503801e+03   0.0000000e+00
   1.2800000e+02   1.6000000e+02   7.0000000e+01   1.2500000e+03   0.0000000e+00
   1.4400000e+02   0.0000000e+00   1.0000000e+02   2.3998002e+02   0.0000000e+00
   1.4400000e+02   0.0000000e+00   9.5000000e+01   2.3998002e+02   0.0000000e+00
   1.4400000e+02   0.0000000e+00   9.0000000e+01   3.2843240e+02   0.0000000e+00
   1.4400000e+02   0.0000000e+00   8.5000000e+01   1.2495727e+03   0.0000000e+00
   1.4400000e+02   0.0000000e+00   8.0000000e+01   1.2498462e+03   0.0000000e+00
   1.4400000e+02   0.0000000e+00   7.5000000e+01   1.2499887e+03   0.0000000e+00
   1.4400000e+02   0.0000000e+00   7.0000000e+01   1.2500001e+03   0.0000000e+00
   1.4400000e+02   1.6000000e+01   1.0000000e+02   2.3984992e+02   0.0000000e+00
   1.4400000e+02   1.6000000e+01   9.5000000e+01   2.3984992e+02   0.0000000e+00
   1.4400000e+02   1.6000000e+01   9.0000000e+01   3.2825646e+02   0.0000000e+00
   1.4400000e+02   1.6000000e+01   8.5000000e+01   1.2489885e+03   0.0000000e+00
   1.4400000e+02   1.6000000e+01   8.0000000e+01   1.2514678e+03   0.0000000e+00
   1.4400000e+02   1.6000000e+01   7.5000000e+01   1.2518137e+03   0.0000000e+00
   1.4400000e+02   1.6000000e+01   7.0000000e+01   1.2500169e+03   0.0000000e+00
   1.4400000e+02   3.2000000e+01   1.0000000e+02   2.3761959e+02   0.0000000e+00
   1.4400000e+02   3.2000000e+01   9.5000000e+01   2.3761959e+02   2.7174240e-03
   1.4400000e+02   3.2000000e+01   9.0000000e+01   3.2482148e+02   2.1997367e-03
   1.4400000e+02   3.2000000e+01   8.5000000e+01   1.2291542e+03   1.0380480e-03
   1.4400000e+02   3.2000000e+01   8.0000000e+01   1.2786825e+03  -2.1183121e-04
   1.4400000e+02   3.2000000e+01   7.5000000e+01   1.2694247e+03  -6.8307635e-05
   1.4400000e+02   3.2000000e+01   7.0000000e+01   1.2501492e+03   0.0000000e+00
   1.4400000e+02   4.8000000e+01   1.0000000e+02   2.2541616e+02   0.0000000e+00
   1.4400000e+02   4.8000000e+01   9.5000000e+01   2.2541616e+02   3.2048567e-02
   1.4400000e+02   4.8000000e+01   9.0000000e+01   3.0549877e+02   4.5081183e-02
   1.4400000e+02   4.8000000e+01   8.5000000e+01   1.1000520e+03   5.5453499e-02
   1.4400000e+02   4.8000000e+01   8.0000000e+01   1.3549137e+03   5.1753317e-02
   1.4400000e+02   4.8000000e+01   7.5000000e+01   1.3521142e+03   1.9924231e-03
   1.4400000e+02   4.8000000e+01   7.0000000e+01   1.2507155e+03   0.0000000e+00
   1.4400000e+02   6.4000000e+01   1.0000000e+02   2.3253626e+02   0.0000000e+00
   1.4400000e+02   6.4000000e+01   9.5000000e+01   2.3253626e+02   0.0000000e+00
   1.4400000e+02   6.4000000e+01   9.0000000e+01   3.2193047e+02  -9.8806701e-05
   1.4400000e+02   6.4000000e+01   8.5000000e+01   1.1203838e+03   2.8669451e-03
   1.4400000e+02   6.4000000e+01   8.0000000e+01   1.3285338e+03   5.3410581e-04
   1.4400000e+02   6.4000000e+01   7.5000000e+01   1.4510921e+03   0.0000000e+00
   1.4400000e+02   6.4000000e+01   7.0000000e+01   1.2524472e+03   0.0000000e+00
   1.4400000e+02   8.0000000e+01   1.0000000e+02   2.3804534e+02   0.0000000e+00
   1.4400000e+02   8.0000000e+01   9.5000000e+01   2.3804534e+02   0.0000000e+00
   1.4400000e+02   8.0000000e+01   9.0000000e+01   3.2608308e+02   0.0000000e+00
   1.4400000e+02   8.0000000e+01   8.5000000e+01   1.1485877e+03   0.0000000e+00
   1.4400000e+02   8.0000000e+01   8.0000000e+01   1.2508425e+03   0.0000000e+00
   1.4400000e+02   8.0000000e+01   7.5000000e+01   1.2986474e+03   0.0000000e+00
   1.4400000e+02   8.0000000e+01   7.0000000e+01   1.2516894e+03   0.0000000e+00
   1.4400000e+02   9.6000000e+01   1.0000000e+02   2.3813049e+02   0.0000000e+00
   1.4400000e+02   9.6000000e+01   9.5000000e+01   2.3813049e+02   0.0000000e+00
   1.4400000e+02   9.6000000e+01   9.0000000e+01   3.2512280e+02   0.0000000e+00
   1.4400000e+02   9.6000000e+01   8.5000000e+01   1.2072927e+03   0.0000000e+00
   1.4400000e+02   9.6000000e+01   8.0000000e+01   1.2469617e+03   0.0000000e+00
   1.4400000e+02   9.6000000e+01   7.5000000e+01   1.2619270e+03   0.0000000e+00
   1.4400000e+02   9.6000000e+01   7.0000000e+01   1.2505712e+03   0.0000000e+00
   1.4400000e+02   1.1200000e+02   1.0000000e+02   2.3984799e+02   0.0000000e+00
   1.4400000e+02   1.1200000e+02   9.5000000e+01   2.3984799e+02   0.0000000e+00
   1.4400000e+02   1.1200000e+02   9.0000000e+01   3.2821504e+02   0.0000000e+00
   1.4400000e+02   1.1200000e+02   8.5000000e+01   1.2472994e+03   0.0000000e+00
   1.4400000e+02   1.1200000e+02   8.0000000e+01   1.2513398e+03   0.0000000e+00
   1.4400000e+02   1.1200000e+02   7.5000000e+01   1.2522706e+03   0.0000000e+00
   1.4400000e+02   1.1200000e+02   7.0000000e+01   1.2500647e+03   0.0000000e+00
   1.4400000e+02   1.2800000e+02   1.0000000e+02   2.4002899e+02   0.0000000e+00
   1.4400000e+02   1.2800000e+02   9.5000000e+01   2.4002899e+02   0.0000000e+00
   1.4400000e+02   1.2800000e+02   9.0000000e+01   3.2851421e+02   0.0000000e+00
   1.4400000e+02   1.2800000e+02   8.5000000e+01   1.2504704e+03   0.0000000e+00
   1.4400000e+02   1.2800000e+02   8.0000000e+01   1.2503403e+03   0.0000000e+00
   1.4400000e+02   1.2800000e+02   7.5000000e+01   1.2501842e+03   0.0000000e+00
   1.4400000e+02   1.2800000e+02   7.0000000e+01   1.2500023e+03   0.0000000e+00
   1.4400000e+02   1.4400000e+02   1.0000000e+02   2.4000312e+02   0.0000000e+00
   1.4400000e+02   1.4400000e+02   9.5000000e+01   2.4000312e+02   0.0000000e+00
   1.4400000e+02   1.4400000e+02   9.0000000e+01   3.2847155e+02   0.0000000e+00
   1.4400000e+02   1.4400000e+02   8.5000000e+01   1.2500206e+03   0.0000000e+00
   1.4400000e+02   1.4400000e+02   8.0000000e+01   1.2500081e+03   0.0000000e+00
   1.4400000e+02   1.4400000e+02   7.5000000e+01   1.2500013e+03   0.0000000e+00
   1.4400000e+02   1.4400000e+02   7.0000000e+01   1.2500001e+03   0.0000000e+00
   1.4400000e+02   1.6000000e+02   1.0000000e+02   2.3999998e+02   0.0000000e+00
   1.4400000e+02   1.6000000e+02   9.5000000e+01   2.3999998e+02   0.0000000e+00
   1.4400000e+02   1.6000000e+02   9.0000000e+01   3.2846717e+02   0.0000000e+00
   1.4400000e+02   1.6000000e+02   8.5000000e+01   1.2500001e+03   0.0000000e+00
   1.4400000e+02   1.6000000e+02   8.0000000e+01   1.2500001e+03   0.0000000e+00
   1.4400000e+02   1.6000000e+02   7.5000000e+01   1.2500000e+03   0.0000000e+00
   1.4400000e+02   1.6000000e+02   7.0000000e+01   1.2500001e+03   0.0000000e+00
   1.6000000e+02   0.0000000e+00   1.0000000e+02   2.3999998e+02   0.0000000e+00
   1.6000000e+02   0.0000000e+00   9.5000000e+01   2.3999998e+02   0.0000000e+00
   1.6000000e+02   0.0000000e+00   9.0000000e+01   3.2846719e+02   0.0000000e+00
   1.6000000e+02   0.0000000e+00   8.5000000e+01   1.2500000e+03   0.0000000e+00
   1.6000000e+02   0.0000000e+00   8.0000000e+01   1.2500000e+03   0.0000000e+00
   1.6000000e+02   0.0000000e+00   7.5000000e+01   1.2500000e+03   0.0000000e+00
   1.6000000e+02   0.0000000e+00   7.0000000e+01   1.2500000e+03   0.0000000e+00
   1.6000000e+02   1.6000000e+01   1.0000000e+02   2.3995826e+02   0.0000000e+00
   1.6000000e+02   1.6000000e+01   9.5000000e+01   2.3995826e+02   0.0000000e+00
   1.6000000e+02   1.6000000e+01   9.0000000e+01   3.2842942e+02   0.0000000e+00
   1.6000000e+02   1.6000000e+01   8.5000000e+01   1.2506242e+03   0.0000000e+00
   1.6000000e+02   1.6000000e+01   8.0000000e+01   1.2509581e+03   0.0000000e+00
   1.6000000e+02   1.6000000e+01   7.5000000e+01   1.2507499e+03   0.0000000e+00
   1.6000000e+02   1.6000000e+01   7.0000000e+01   1.2500001e+03   0.0000000e+00
   1.6000000e+02   3.2000000e+01   1.0000000e+02   2.3894693e+02   0.0000000e+00
   1.6000000e+02   3.2000000e+01   9.5000000e+01   2.3894693e+02   0.0000000e+00
   1.6000000e+02   3.2000000e+01   9.0000000e+01   3.2732116e+02   0.0000000e+00
   1.6000000e+02   3.2000000e+01   8.5000000e+01   1.2582131e+03   0.0000000e+00
   1.6000000e+02   3.2000000e+01   8.0000000e+01   1.2644440e+03   0.0000000e+00
   1.6000000e+02   3.2000000e+01   7.5000000e+01   1.2601850e+03   0.0000000e+00
   1.6000000e+02   3.2000000e+01   7.0000000e+01   1.2500031e+03   0.0000000e+00
   1.6000000e+02   4.8000000e+01   1.0000000e+02   2.3224447e+02   0.0000000e+00
   1.6000000e+02   4.8000000e+01   9.5000000e+01   2.3224447e+02   0.0000000e+00
   1.6000000e+02   4.8000000e+01   9.0000000e+01   3.1950930e+02   0.0000000e+00
   1.6000000e+02   4.8000000e+01   8.5000000e+01   1.2864083e+03   0.0000000e+00
   1.6000000e+02   4.8000000e+01   8.0000000e+01   1.3716396e+03   0.0000000e+00
   1.6000000e+02   4.8000000e+01   7.5000000e+01   1.3131103e+03   0.0000000e+00
   1.6000000e+02   4.8000000e+01   7.0000000e+01   1.2500399e+03   0.0000000e+00
   1.6000000e+02   6.4000000e+01   1.0000000e+02   2.4045013e+02   0.0000000e+00
   1.6000000e+02   6.4000000e+01   9.5000000e+01   2.4045013e+02   0.0000000e+00
   1.6000000e+02   6.4000000e+01   9.0000000e+01   3.3298140e+02   0.0000000e+00
   1.6000000e+02   6.4000000e+01   8.5000000e+01   1.3046089e+03   0.0000000e+00
   1.6000000e+02   6.4000000e+01   8.0000000e+01   1.3802058e+03   0.0000000e+00
   1.6000000e+02   6.4000000e+01   7.5000000e+01   1.3515278e+03   0.0000000e+00
   1.6000000e+02   6.4000000e+01   7.0000000e+01   1.2501713e+03   0.0000000e+00
   1.6000000e+02   8.0000000e+01   1.0000000e+02   2.4019595e+02   0.0000000e+00
   1.6000000e+02   8.0000000e+01   9.5000000e+01   2.4019595e+02   0.0000000e+00
   1.6000000e+02   8.0000000e+01   9.0000000e+01   3.2813022e+02   0.0000000e+00
   1.6000000e+02   8.0000000e+01   8.5000000e+01   1.2254911e+03   0.0000000e+00
   1.6000000e+02   8.0000000e+01   8.0000000e+01   1.2591875e+03   0.0000000e+00
   1.6000000e+02   8.0000000e+01   7.5000000e+01   1.2677264e+03   0.0000000e+00
   1.6000000e+02   8.0000000e+01   7.0000000e+01   1.2500762e+03   0.0000000e+00
   1.6000000e+02   9.6000000e+01   1.0000000e+02   2.3962634e+02   0.0000000e+00
   1.6000000e+02   9.6000000e+01   9.5000000e+01   2.3962634e+02   0.0000000e+00
   1.6000000e+02   9.6000000e+01   9.0000000e+01   3.2775463e+02   0.0000000e+00
   1.6000000e+02   9.6000000e+01   8.5000000e+01   1.2393828e+03   0.0000000e+00
   1.6000000e+02   9.6000000e+01   8.0000000e+01   1.2489144e+03   0.0000000e+00
   1.6000000e+02   9.6000000e+01   7.5000000e+01   1.2525013e+03   0.0000000e+00
   1.6000000e+02   9.6000000e+01   7.0000000e+01   1.2500115e+03   0.0000000e+00
   1.6000000e+02   1.1200000e+02   1.0000000e+02   2.3994246e+02   0.0000000e+00
   1.6000000e+02   1.1200000e+02   9.5000000e+01   2.3994246e+02   0.0000000e+00
   1.6000000e+02   1.1200000e+02   9.0000000e+01   3.2837241e+02   0.0000000e+00
   1.6000000e+02   1.1200000e+02   8.5000000e+01   1.2490050e+03   0.0000000e+00
   1.6000000e+02   1.1200000e+02   8.0000000e+01   1.2496490e+03   0.0000000e+00
   1.6000000e+02   1.1200000e+02   7.5000000e+01   1.2499811e+03   0.0000000e+00
   1.6000000e+02   1.1200000e+02   7.0000000e+01   1.2500001e+03   0.0000000e+00
   1.6000000e+02   1.2800000e+02   1.0000000e+02   2.3999999e+02   0.0000000e+00
   1.6000000e+02   1.2800000e+02   9.5000000e+01   2.3999999e+02   0.0000000e+00
   1.6000000e+02   1.2800000e+02   9.0000000e+01   3.2846717e+02   0.0000000e+00
   1.6000000e+02   1.2800000e+02   8.5000000e+01   1.2500000e+03   0.0000000e+00
   1.6000000e+02   1.2800000e+02   8.0000000e+01   1.2500000e+03   0.0000000e+00
   1.6000000e+02   1.2800000e+02   7.5000000e+01   1.2500001e+03   0.0000000e+00
   1.6000000e+02   1.2800000e+02   7.0000000e+01   1.2500000e+03   0.0000000e+00
   1.6000000e+02   1.4400000e+02   1.0000000e+02   2.3999998e+02   0.0000000e+00
   1.6000000e+02   1.4400000e+02   9.5000000e+01   2.3999998e+02   0.0000000e+00
   1.6000000e+02   1.4400000e+02   9.0000000e+01   3.2846718e+02   0.0000000e+00
   1.6000000e+02   1.4400000e+02   8.5000000e+01   1.2500001e+03   0.0000000e+00
   1.6000000e+02   1.4400000e+02   8.0000000e+01   1.2500001e+03   0.0000000e+00
   1.6000000e+02   1.4400000e+02   7.5000000e+01   1.2500001e+03   0.0000000e+00
   1.6000000e+02   1.4400000e+02   7.0000000e+01   1.2500001e+03   0.0000000e+00
   1.6000000e+02   1.6000000e+02   1.0000000e+02   2.3999998e+02   0.0000000e+00
   1.6000000e+02   1.6000000e+02   9.5000000e+01   2.3999998e+02   0.0000000e+00
   1.6000000e+02   1.6000000e+02   9.0000000e+01   3.2846722e+02   0.0000000e+00
   1.6000000e+02   1.6000000e+02   8.5000000e+01   1.2500001e+03   0.0000000e+00
   1.6000000e+02   1.6000000e+02   8.0000000e+01   1.2500001e+03   0.0000000e+00
   1.6000000e+02   1.6000000e+02   7.5000000e+01   1.2500001e+03   0.0000000e+00
   1.6000000e+02   1.6000000e+02   7.0000000e+01   1.2500001e+03   0.0000000e+00
