   0.0000000e+00   0.0000000e+00   1.0000000e+02   2.3999998e+02   0.0000000e+00
   0.0000000e+00   0.0000000e+00   9.5000000e+01   2.3999998e+02   0.0000000e+00
   0.0000000e+00   0.0000000e+00   9.0000000e+01   3.2846722e+02   0.0000000e+00
   0.0000000e+00   0.0000000e+00   8.5000000e+01   1.2500000e+03   0.0000000e+00
   0.0000000e+00   0.0000000e+00   8.0000000e+01   1.2500001e+03   0.0000000e+00
   0.0000000e+00   0.0000000e+00   7.5000000e+01   1.2500000e+03   0.0000000e+00
   0.0000000e+00   0.0000000e+00   7.0000000e+01   1.2500000e+03   0.0000000e+00
   0.0000000e+00   1.6000000e+01   1.0000000e+02   2.3999998e+02   0.0000000e+00
   0.0000000e+00   1.6000000e+01   9.5000000e+01   2.3999998e+02   0.0000000e+00
   0.0000000e+00   1.6000000e+01   9.0000000e+01   3.2846718e+02   0.0000000e+00
   0.0000000e+00   1.6000000e+01   8.5000000e+01   1.2500001e+03   0.0000000e+00
   0.0000000e+00   1.6000000e+01   8.0000000e+01   1.2500000e+03   0.0000000e+00
   0.0000000e+00   1.6000000e+01   7.5000000e+01   1.2500000e+03   0.0000000e+00
   0.0000000e+00   1.6000000e+01   7.0000000e+01   1.2500001e+03   0.0000000e+00
   0.0000000e+00   3.2000000e+01   1.0000000e+02   2.3999998e+02   0.0000000e+00
   0.0000000e+00   3.2000000e+01   9.5000000e+01   2.3999998e+02   0.0000000e+00
   0.0000000e+00   3.2000000e+01   9.0000000e+01   3.2846717e+02   0.0000000e+00
   0.0000000e+00   3.2000000e+01   8.5000000e+01   1.2500001e+03   0.0000000e+00
   0.0000000e+00   3.2000000e+01   8.0000000e+01   1.2500000e+03   0.0000000e+00
   0.0000000e+00   3.2000000e+01   7.5000000e+01   1.2500001e+03   0.0000000e+00
   0.0000000e+00   3.2000000e+01   7.0000000e+01   1.2500001e+03   0.0000000e+00
   0.0000000e+00   4.8000000e+01   1.0000000e+02   2.3999998e+02   0.0000000e+00
   0.0000000e+00   4.8000000e+01   9.5000000e+01   2.3999998e+02   0.0000000e+00
   0.0000000e+00   4.8000000e+01   9.0000000e+01   3.2846712e+02   0.0000000e+00
   0.0000000e+00   4.8000000e+01   8.5000000e+01   1.2499992e+03   0.0000000e+00
   0.0000000e+00   4.8000000e+01   8.0000000e+01   1.2499977e+03   0.0000000e+00
   0.0000000e+00   4.8000000e+01   7.5000000e+01   1.2499979e+03   0.0000000e+00
   0.0000000e+00   4.8000000e+01   7.0000000e+01   1.2500000e+03   0.0000000e+00
   0.0000000e+00   6.4000000e+01   1.0000000e+02   2.3995364e+02   0.0000000e+00
   0.0000000e+00   6.4000000e+01   9.5000000e+01   2.3995364e+02   0.0000000e+00
   0.0000000e+00   6.4000000e+01   9.0000000e+01   3.2835201e+02   0.0000000e+00
   0.0000000e+00   6.4000000e+01   8.5000000e+01   1.2475206e+03   0.0000000e+00
   0.0000000e+00   6.4000000e+01   8.0000000e+01   1.2489791e+03   0.0000000e+00
   0.0000000e+00   6.4000000e+01   7.5000000e+01   1.2498076e+03   0.0000000e+00
   0.0000000e+00   6.4000000e+01   7.0000000e+01   1.2499996e+03   0.0000000e+00
   0.0000000e+00   8.0000000e+01   1.0000000e+02   2.3969124e+02   0.0000000e+00
   0.0000000e+00   8.0000000e+01   9.5000000e+01   2.3969124e+02   0.0000000e+00
   0.0000000e+00   8.0000000e+01   9.0000000e+01   3.2770142e+02   0.0000000e+00
   0.0000000e+00   8.0000000e+01   8.5000000e+01   1.2336425e+03   0.0000000e+00
   0.0000000e+00   8.0000000e+01   8.0000000e+01   1.2433293e+03   0.0000000e+00
   0.0000000e+00   8.0000000e+01   7.5000000e+01   1.2488191e+03   0.0000000e+00
   0.0000000e+00   8.0000000e+01   7.0000000e+01   1.2499989e+03   0.0000000e+00
   0.0000000e+00   9.6000000e+01   1.0000000e+02   2.3539312e+02   0.0000000e+00
   0.0000000e+00   9.6000000e+01   9.5000000e+01   2.3539312e+02   0.0000000e+00
   0.0000000e+00   9.6000000e+01   9.0000000e+01   3.1998876e+02   0.0000000e+00
   0.0000000e+00   9.6000000e+01   8.5000000e+01   1.1415621e+03   0.0000000e+00
   0.0000000e+00   9.6000000e+01   8.0000000e+01   1.2082284e+03   0.0000000e+00
   0.0000000e+00   9.6000000e+01   7.5000000e+01   1.2462090e+03   0.0000000e+00
   0.0000000e+00   9.6000000e+01   7.0000000e+01   1.2499999e+03   0.0000000e+00
   0.0000000e+00   1.1200000e+02   1.0000000e+02   2.3787966e+02   0.0000000e+00
   0.0000000e+00   1.1200000e+02   9.5000000e+01   2.3787966e+02   0.0000000e+00
   0.0000000e+00   1.1200000e+02   9.0000000e+01   3.2430278e+02   0.0000000e+00
   0.0000000e+00   1.1200000e+02   8.5000000e+01   1.1903196e+03   0.0000000e+00
   0.0000000e+00   1.1200000e+02   8.0000000e+01   1.2269605e+03   0.0000000e+00
   0.0000000e+00   1.1200000e+02   7.5000000e+01   1.2471836e+03   0.0000000e+00
   0.0000000e+00   1.1200000e+02   7.0000000e+01   1.2500001e+03   0.0000000e+00
   0.0000000e+00   1.2800000e+02   1.0000000e+02   2.3982187e+02   0.0000000e+00
   0.0000000e+00   1.2800000e+02   9.5000000e+01   2.3982187e+02   0.0000000e+00
   0.0000000e+00   1.2800000e+02   9.0000000e+01   3.2811128e+02   0.0000000e+00
   0.0000000e+00   1.2800000e+02   8.5000000e+01   1.2442885e+03   0.0000000e+00
   0.0000000e+00   1.2800000e+02   8.0000000e+01   1.2477754e+03   0.0000000e+00
   0.0000000e+00   1.2800000e+02   7.5000000e+01   1.2497043e+03   0.0000000e+00
   0.0000000e+00   1.2800000e+02   7.0000000e+01   1.2500000e+03   0.0000000e+00
   0.0000000e+00   1.4400000e+02   1.0000000e+02   2.3999998e+02   0.0000000e+00
   0.0000000e+00   1.4400000e+02   9.5000000e+01   2.3999998e+02   0.0000000e+00
   0.0000000e+00   1.4400000e+02   9.0000000e+01   3.2846718e+02   0.0000000e+00
   0.0000000e+00   1.4400000e+02   8.5000000e+01   1.2500000e+03   0.0000000e+00
   0.0000000e+00   1.4400000e+02   8.0000000e+01   1.2500000e+03   0.0000000e+00
   0.0000000e+00   1.4400000e+02   7.5000000e+01   1.2500001e+03   0.0000000e+00
   0.0000000e+00   1.4400000e+02   7.0000000e+01   1.2500001e+03   0.0000000e+00
   0.0000000e+00   1.6000000e+02   1.0000000e+02   2.3999998e+02   0.0000000e+00
   0.0000000e+00   1.6000000e+02   9.5000000e+01   2.3999998e+02   0.0000000e+00
   0.0000000e+00   1.6000000e+02   9.0000000e+01   3.2846722e+02   0.0000000e+00
   0.0000000e+00   1.6000000e+02   8.5000000e+01   1.2500001e+03   0.0000000e+00
   0.0000000e+00   1.6000000e+02   8.0000000e+01   1.2500001e+03   0.0000000e+00
   0.0000000e+00   1.6000000e+02   7.5000000e+01   1.2500001e+03   0.0000000e+00
   0.0000000e+00   1.6000000e+02   7.0000000e+01   1.2500001e+03   0.0000000e+00
   1.6000000e+01   0.0000000e+00   1.0000000e+02   2.3999998e+02   0.0000000e+00
   1.6000000e+01   0.0000000e+00   9.5000000e+01   2.3999998e+02   0.0000000e+00
   1.6000000e+01   0.0000000e+00   9.0000000e+01   3.2846717e+02   0.0000000e+00
   1.6000000e+01   0.0000000e+00   8.5000000e+01   1.2500001e+03   0.0000000e+00
   1.6000000e+01   0.0000000e+00   8.0000000e+01   1.2500000e+03   0.0000000e+00
   1.6000000e+01   0.0000000e+00   7.5000000e+01   1.2500001e+03   0.0000000e+00
   1.6000000e+01   0.0000000e+00   7.0000000e+01   1.2500001e+03   0.0000000e+00
   1.6000000e+01   1.6000000e+01   1.0000000e+02   2.3999998e+02   0.0000000e+00
   1.6000000e+01   1.6000000e+01   9.5000000e+01   2.3999998e+02   0.0000000e+00
   1.6000000e+01   1.6000000e+01   9.0000000e+01   3.2846716e+02   0.0000000e+00
   1.6000000e+01   1.6000000e+01   8.5000000e+01   1.2500000e+03   0.0000000e+00
   1.6000000e+01   1.6000000e+01   8.0000000e+01   1.2499995e+03   0.0000000e+00
   1.6000000e+01   1.6000000e+01   7.5000000e+01   1.2499994e+03   0.0000000e+00
   1.6000000e+01   1.6000000e+01   7.0000000e+01   1.2499997e+03   0.0000000e+00
   1.6000000e+01   3.2000000e+01   1.0000000e+02   2.3998404e+02   0.0000000e+00
   1.6000000e+01   3.2000000e+01   9.5000000e+01   2.3998404e+02   0.0000000e+00
   1.6000000e+01   3.2000000e+01   9.0000000e+01   3.2843634e+02   0.0000000e+00
   1.6000000e+01   3.2000000e+01   8.5000000e+01   1.2495266e+03   0.0000000e+00
   1.6000000e+01   3.2000000e+01   8.0000000e+01   1.2497697e+03   0.0000000e+00
   1.6000000e+01   3.2000000e+01   7.5000000e+01   1.2499219e+03   0.0000000e+00
   1.6000000e+01   3.2000000e+01   7.0000000e+01   1.2499824e+03   0.0000000e+00
   1.6000000e+01   4.8000000e+01   1.0000000e+02   2.3981073e+02   0.0000000e+00
   1.6000000e+01   4.8000000e+01   9.5000000e+01   2.3981073e+02   0.0000000e+00
   1.6000000e+01   4.8000000e+01   9.0000000e+01   3.2804743e+02   0.0000000e+00
   1.6000000e+01   4.8000000e+01   8.5000000e+01   1.2420987e+03   0.0000000e+00
   1.6000000e+01   4.8000000e+01   8.0000000e+01   1.2461809e+03   0.0000000e+00
   1.6000000e+01   4.8000000e+01   7.5000000e+01   1.2487692e+03  -7.0986147e-04
   1.6000000e+01   4.8000000e+01   7.0000000e+01   1.2498280e+03   0.0000000e+00
   1.6000000e+01   6.4000000e+01   1.0000000e+02   2.3918898e+02   0.0000000e+00
   1.6000000e+01   6.4000000e+01   9.5000000e+01   2.3918898e+02   0.0000000e+00
   1.6000000e+01   6.4000000e+01   9.0000000e+01   3.2652267e+02   0.0000000e+00
   1.6000000e+01   6.4000000e+01   8.5000000e+01   1.2107764e+03   0.0000000e+00
   1.6000000e+01   6.4000000e+01   8.0000000e+01   1.2287789e+03  -8.9828642e-04
   1.6000000e+01   6.4000000e+01   7.5000000e+01   1.2424237e+03  -3.5123496e-03
   1.6000000e+01   6.4000000e+01   7.0000000e+01   1.2495566e+03  -7.8647461e-03
   1.6000000e+01   8.0000000e+01   1.0000000e+02   2.3787925e+02   0.0000000e+00
   1.6000000e+01   8.0000000e+01   9.5000000e+01   2.3787925e+02  -2.6146896e-02
   1.6000000e+01   8.0000000e+01   9.0000000e+01   3.2416039e+02  -4.5340298e-02
   1.6000000e+01   8.0000000e+01   8.5000000e+01   1.1729806e+03  -6.0930029e-02
   1.6000000e+01   8.0000000e+01   8.0000000e+01   1.1966029e+03  -9.7369747e-02
   1.6000000e+01   8.0000000e+01   7.5000000e+01   1.2307109e+03  -7.6288681e-02
   1.6000000e+01   8.0000000e+01   7.0000000e+01   1.2493276e+03  -2.2335008e-02
   1.6000000e+01   9.6000000e+01   1.0000000e+02   2.3348063e+02   0.0000000e+00
   1.6000000e+01   9.6000000e+01   9.5000000e+01   2.3348063e+02  -2.8136125e-02
   1.6000000e+01   9.6000000e+01   9.0000000e+01   3.1340789e+02  -2.5957571e-02
   1.6000000e+01   9.6000000e+01   8.5000000e+01   1.0749022e+03  -1.7166135e-02
   1.6000000e+01   9.6000000e+01   8.0000000e+01   1.1807850e+03  -6.2133405e-03
   1.6000000e+01   9.6000000e+01   7.5000000e+01   1.2359026e+03  -4.7338371e-03
   1.6000000e+01   9.6000000e+01   7.0000000e+01   1.2499811e+03  -5.5628597e-04
   1.6000000e+01   1.1200000e+02   1.0000000e+02   2.3697475e+02   0.0000000e+00
   1.6000000e+01   1.1200000e+02   9.5000000e+01   2.3697475e+02   0.0000000e+00
   1.6000000e+01   1.1200000e+02   9.0000000e+01   3.2149056e+02   0.0000000e+00
   1.6000000e+01   1.1200000e+02   8.5000000e+01   1.1350162e+03   0.0000000e+00
   1.6000000e+01   1.1200000e+02   8.0000000e+01   1.1993816e+03   0.0000000e+00
   1.6000000e+01   1.1200000e+02   7.5000000e+01   1.2400521e+03   0.0000000e+00
   1.6000000e+01   1.1200000e+02   7.0000000e+01   1.2500125e+03   0.0000000e+00
   1.6000000e+01   1.2800000e+02   1.0000000e+02   2.3978839e+02   0.0000000e+00
   1.6000000e+01   1.2800000e+02   9.5000000e+01   2.3978839e+02   0.0000000e+00
   1.6000000e+01   1.2800000e+02   9.0000000e+01   3.2795212e+02   0.0000000e+00
   1.6000000e+01   1.2800000e+02   8.5000000e+01   1.2393129e+03   0.0000000e+00
   1.6000000e+01   1.2800000e+02   8.0000000e+01   1.2452172e+03   0.0000000e+00
   1.6000000e+01   1.2800000e+02   7.5000000e+01   1.2488731e+03   0.0000000e+00
   1.6000000e+01   1.2800000e+02   7.0000000e+01   1.2500004e+03   0.0000000e+00
   1.6000000e+01   1.4400000e+02   1.0000000e+02   2.4000405e+02   0.0000000e+00
   1.6000000e+01   1.4400000e+02   9.5000000e+01   2.4000405e+02   0.0000000e+00
   1.6000000e+01   1.4400000e+02   9.0000000e+01   3.2846694e+02   0.0000000e+00
   1.6000000e+01   1.4400000e+02   8.5000000e+01   1.2497698e+03   0.0000000e+00
   1.6000000e+01   1.4400000e+02   8.0000000e+01   1.2498944e+03   0.0000000e+00
   1.6000000e+01   1.4400000e+02   7.5000000e+01   1.2499713e+03   0.0000000e+00
   1.6000000e+01   1.4400000e+02   7.0000000e+01   1.2500001e+03   0.0000000e+00
   1.6000000e+01   1.6000000e+02   1.0000000e+02   2.3999998e+02   0.0000000e+00
   1.6000000e+01   1.6000000e+02   9.5000000e+01   2.3999998e+02   0.0000000e+00
   1.6000000e+01   1.6000000e+02   9.0000000e+01   3.2846717e+02   0.0000000e+00
   1.6000000e+01   1.6000000e+02   8.5000000e+01   1.2500001e+03   0.0000000e+00
   1.6000000e+01   1.6000000e+02   8.0000000e+01   1.2500002e+03   0.0000000e+00
   1.6000000e+01   1.6000000e+02   7.5000000e+01   1.2500002e+03   0.0000000e+00
   1.6000000e+01   1.6000000e+02   7.0000000e+01   1.2500001e+03   0.0000000e+00
   3.2000000e+01   0.0000000e+00   1.0000000e+02   2.3999762e+02   0.0000000e+00
   3.2000000e+01   0.0000000e+00   9.5000000e+01   2.3999762e+02   0.0000000e+00
   3.2000000e+01   0.0000000e+00   9.0000000e+01   3.2845655e+02   0.0000000e+00
   3.2000000e+01   0.0000000e+00   8.5000000e+01   1.2496679e+03   0.0000000e+00
   3.2000000e+01   0.0000000e+00   8.0000000e+01   1.2497926e+03   0.0000000e+00
   3.2000000e+01   0.0000000e+00   7.5000000e+01   1.2499033e+03   0.0000000e+00
   3.2000000e+01   0.0000000e+00   7.0000000e+01   1.2499997e+03   0.0000000e+00
   3.2000000e+01   1.6000000e+01   1.0000000e+02   2.3994796e+02   0.0000000e+00
   3.2000000e+01   1.6000000e+01   9.5000000e+01   2.3994796e+02   0.0000000e+00
   3.2000000e+01   1.6000000e+01   9.0000000e+01   3.2831488e+02   0.0000000e+00
   3.2000000e+01   1.6000000e+01   8.5000000e+01   1.2462753e+03   0.0000000e+00
   3.2000000e+01   1.6000000e+01   8.0000000e+01   1.2481098e+03   0.0000000e+00
   3.2000000e+01   1.6000000e+01   7.5000000e+01   1.2493508e+03   0.0000000e+00
   3.2000000e+01   1.6000000e+01   7.0000000e+01   1.2499687e+03   0.0000000e+00
   3.2000000e+01   3.2000000e+01   1.0000000e+02   2.3939714e+02   0.0000000e+00
   3.2000000e+01   3.2000000e+01   9.5000000e+01   2.3939714e+02   0.0000000e+00
   3.2000000e+01   3.2000000e+01   9.0000000e+01   3.2714502e+02   0.0000000e+00
   3.2000000e+01   3.2000000e+01   8.5000000e+01   1.2256946e+03   0.0000000e+00
   3.2000000e+01   3.2000000e+01   8.0000000e+01   1.2347681e+03  -1.7512656e-03
   3.2000000e+01   3.2000000e+01   7.5000000e+01   1.2432327e+03  -5.5072791e-04
   3.2000000e+01   3.2000000e+01   7.0000000e+01   1.2488195e+03  -6.4965551e-03
   3.2000000e+01   4.8000000e+01   1.0000000e+02   2.3636811e+02  -5.6963631e-03
   3.2000000e+01   4.8000000e+01   9.5000000e+01   2.3636811e+02  -1.5502117e-02
   3.2000000e+01   4.8000000e+01   9.0000000e+01   3.2146115e+02  -1.4561962e-02
   3.2000000e+01   4.8000000e+01   8.5000000e+01   1.1514016e+03  -1.0012433e-02
   3.2000000e+01   4.8000000e+01   8.0000000e+01   1.1726404e+03  -6.0172857e-03
   3.2000000e+01   4.8000000e+01   7.5000000e+01   1.2099184e+03  -3.8689647e-03
   3.2000000e+01   4.8000000e+01   7.0000000e+01   1.2363755e+03  -1.1922825e-02
   3.2000000e+01   6.4000000e+01   1.0000000e+02   2.3409497e+02  -1.5672302e-02
   3.2000000e+01   6.4000000e+01   9.5000000e+01   2.3409497e+02  -1.2385528e-02
   3.2000000e+01   6.4000000e+01   9.0000000e+01   3.1420259e+02  -1.9291481e-02
   3.2000000e+01   6.4000000e+01   8.5000000e+01   9.6800326e+02  -2.4403793e-02
   3.2000000e+01   6.4000000e+01   8.0000000e+01   1.0230189e+03  -5.3073750e-02
   3.2000000e+01   6.4000000e+01   7.5000000e+01   1.1393128e+03  -7.8343707e-02
   3.2000000e+01   6.4000000e+01   7.0000000e+01   1.2201104e+03  -3.1282527e-02
   3.2000000e+01   8.0000000e+01   1.0000000e+02   2.3523337e+02  -1.5649416e-02
   3.2000000e+01   8.0000000e+01   9.5000000e+01   2.3523337e+02  -2.9661439e-02
   3.2000000e+01   8.0000000e+01   9.0000000e+01   3.0647240e+02  -2.8810542e-02
   3.2000000e+01   8.0000000e+01   8.5000000e+01   8.7437589e+02  -2.0842859e-02
   3.2000000e+01   8.0000000e+01   8.0000000e+01   9.3759307e+02  -1.3658174e-02
   3.2000000e+01   8.0000000e+01   7.5000000e+01   1.0884543e+03  -2.6670803e-02
   3.2000000e+01   8.0000000e+01   7.0000000e+01   1.2307835e+03  -8.1479598e-02
   3.2000000e+01   9.6000000e+01   1.0000000e+02   2.2830302e+02  -6.3489748e-03
   3.2000000e+01   9.6000000e+01   9.5000000e+01   2.2830302e+02   1.6938578e-02
   3.2000000e+01   9.6000000e+01   9.0000000e+01   2.8634969e+02   1.6499187e-02
   3.2000000e+01   9.6000000e+01   8.5000000e+01   8.2343068e+02   9.5383073e-03
   3.2000000e+01   9.6000000e+01   8.0000000e+01   9.4101813e+02  -3.2929199e-02
   3.2000000e+01   9.6000000e+01   7.5000000e+01   1.1545473e+03  -1.2381181e-02
   3.2000000e+01   9.6000000e+01   7.0000000e+01   1.2621210e+03   7.6807959e-03
   3.2000000e+01   1.1200000e+02   1.0000000e+02   2.3167526e+02   0.0000000e+00
   3.2000000e+01   1.1200000e+02   9.5000000e+01   2.3167526e+02   3.8749737e-02
   3.2000000e+01   1.1200000e+02   9.0000000e+01   3.0770610e+02   3.3849796e-02
   3.2000000e+01   1.1200000e+02   8.5000000e+01   9.1847126e+02   2.0462386e-02
   3.2000000e+01   1.1200000e+02   8.0000000e+01   1.0327849e+03   2.6455126e-02
   3.2000000e+01   1.1200000e+02   7.5000000e+01   1.1974228e+03   2.1902047e-04
   3.2000000e+01   1.1200000e+02   7.0000000e+01   1.2500385e+03  -4.7515110e-04
   3.2000000e+01   1.2800000e+02   1.0000000e+02   2.3942932e+02   0.0000000e+00
   3.2000000e+01   1.2800000e+02   9.5000000e+01   2.3942932e+02   0.0000000e+00
   3.2000000e+01   1.2800000e+02   9.0000000e+01   3.2656002e+02   0.0000000e+00
   3.2000000e+01   1.2800000e+02   8.5000000e+01   1.1932326e+03   0.0000000e+00
   3.2000000e+01   1.2800000e+02   8.0000000e+01   1.2194663e+03   0.0000000e+00
   3.2000000e+01   1.2800000e+02   7.5000000e+01   1.2435260e+03   0.0000000e+00
   3.2000000e+01   1.2800000e+02   7.0000000e+01   1.2500409e+03   0.0000000e+00
   3.2000000e+01   1.4400000e+02   1.0000000e+02   2.3999123e+02   0.0000000e+00
   3.2000000e+01   1.4400000e+02   9.5000000e+01   2.3999123e+02   0.0000000e+00
   3.2000000e+01   1.4400000e+02   9.0000000e+01   3.2834775e+02   0.0000000e+00
   3.2000000e+01   1.4400000e+02   8.5000000e+01   1.2453607e+03   0.0000000e+00
   3.2000000e+01   1.4400000e+02   8.0000000e+01   1.2478794e+03   0.0000000e+00
   3.2000000e+01   1.4400000e+02   7.5000000e+01   1.2494386e+03   0.0000000e+00
   3.2000000e+01   1.4400000e+02   7.0000000e+01   1.2500008e+03   0.0000000e+00
   3.2000000e+01   1.6000000e+02   1.0000000e+02   2.3999953e+02   0.0000000e+00
   3.2000000e+01   1.6000000e+02   9.5000000e+01   2.3999953e+02   0.0000000e+00
   3.2000000e+01   1.6000000e+02   9.0000000e+01   3.2846644e+02   0.0000000e+00
   3.2000000e+01   1.6000000e+02   8.5000000e+01   1.2499922e+03   0.0000000e+00
   3.2000000e+01   1.6000000e+02   8.0000000e+01   1.2499967e+03   0.0000000e+00
   3.2000000e+01   1.6000000e+02   7.5000000e+01   1.2499995e+03   0.0000000e+00
   3.2000000e+01   1.6000000e+02   7.0000000e+01   1.2500001e+03   0.0000000e+00
   4.8000000e+01   0.0000000e+00   1.0000000e+02   2.4074023e+02   0.0000000e+00
   4.8000000e+01   0.0000000e+00   9.5000000e+01   2.4074023e+02   0.0000000e+00
   4.8000000e+01   0.0000000e+00   9.0000000e+01   3.2926186e+02   0.0000000e+00
   4.8000000e+01   0.0000000e+00   8.5000000e+01   1.2444417e+03   0.0000000e+00
   4.8000000e+01   0.0000000e+00   8.0000000e+01   1.2472207e+03   0.0000000e+00
   4.8000000e+01   0.0000000e+00   7.5000000e+01   1.2490810e+03   0.0000000e+00
   4.8000000e+01   0.0000000e+00   7.0000000e+01   1.2500121e+03   0.0000000e+00
   4.8000000e+01   1.6000000e+01   1.0000000e+02   2.4000635e+02   0.0000000e+00
   4.8000000e+01   1.6000000e+01   9.5000000e+01   2.4000635e+02  -9.0625282e-03
   4.8000000e+01   1.6000000e+01   9.0000000e+01   3.2758595e+02  -8.3595828e-03
   4.8000000e+01   1.6000000e+01   8.5000000e+01   1.2103189e+03  -8.2262427e-03
   4.8000000e+01   1.6000000e+01   8.0000000e+01   1.2226587e+03  -1.1181334e-02
   4.8000000e+01   1.6000000e+01   7.5000000e+01   1.2392617e+03  -1.3744406e-02
   4.8000000e+01   1.6000000e+01   7.0000000e+01   1.2497370e+03  -6.4139214e-03
   4.8000000e+01   3.2000000e+01   1.0000000e+02   2.3438009e+02   0.0000000e+00
   4.8000000e+01   3.2000000e+01   9.5000000e+01   2.3438009e+02  -2.0090748e-02
   4.8000000e+01   3.2000000e+01   9.0000000e+01   3.1441423e+02  -2.1445589e-02
   4.8000000e+01   3.2000000e+01   8.5000000e+01   9.8919698e+02  -1.5906365e-02
   4.8000000e+01   3.2000000e+01   8.0000000e+01   1.0270055e+03  -1.1603095e-02
   4.8000000e+01   3.2000000e+01   7.5000000e+01   1.1282889e+03  -1.0926748e-02
   4.8000000e+01   3.2000000e+01   7.0000000e+01   1.2248394e+03  -2.1035451e-02
   4.8000000e+01   4.8000000e+01   1.0000000e+02   2.1922701e+02  -1.5240399e-02
   4.8000000e+01   4.8000000e+01   9.5000000e+01   2.1922701e+02  -4.1258717e-02
   4.8000000e+01   4.8000000e+01   9.0000000e+01   2.7671268e+02  -6.5608407e-02
   4.8000000e+01   4.8000000e+01   8.5000000e+01   7.7788895e+02  -7.1047798e-02
   4.8000000e+01   4.8000000e+01   8.0000000e+01   8.2733196e+02  -8.1256662e-02
   4.8000000e+01   4.8000000e+01   7.5000000e+01   9.7811634e+02  -5.8215056e-02
   4.8000000e+01   4.8000000e+01   7.0000000e+01   1.1812509e+03  -3.9711060e-02
   4.8000000e+01   6.4000000e+01   1.0000000e+02   2.2055834e+02  -1.8367850e-02
   4.8000000e+01   6.4000000e+01   9.5000000e+01   2.2055834e+02  -1.5266016e-02
   4.8000000e+01   6.4000000e+01   9.0000000e+01   2.7477771e+02  -1.4561725e-02
   4.8000000e+01   6.4000000e+01   8.5000000e+01   7.3769632e+02  -1.2919992e-02
   4.8000000e+01   6.4000000e+01   8.0000000e+01   8.1759942e+02  -2.3734887e-02
   4.8000000e+01   6.4000000e+01   7.5000000e+01   9.7331102e+02  -6.5981570e-02
   4.8000000e+01   6.4000000e+01   7.0000000e+01   1.1302413e+03  -1.1052442e-01
   4.8000000e+01   8.0000000e+01   1.0000000e+02   2.1004225e+02  -3.0854196e-02
   4.8000000e+01   8.0000000e+01   9.5000000e+01   2.1004225e+02  -1.8260843e-02
   4.8000000e+01   8.0000000e+01   9.0000000e+01   2.6286408e+02  -1.8268134e-02
   4.8000000e+01   8.0000000e+01   8.5000000e+01   7.2896095e+02  -1.1746833e-02
   4.8000000e+01   8.0000000e+01   8.0000000e+01   8.6390157e+02  -7.8099418e-03
   4.8000000e+01   8.0000000e+01   7.5000000e+01   1.0147270e+03  -1.9107077e-02
   4.8000000e+01   8.0000000e+01   7.0000000e+01   1.1838480e+03  -6.5128616e-02
   4.8000000e+01   9.6000000e+01   1.0000000e+02   2.2989631e+02  -7.2451612e-02
   4.8000000e+01   9.6000000e+01   9.5000000e+01   2.2989631e+02  -4.8609825e-03
   4.8000000e+01   9.6000000e+01   9.0000000e+01   2.9666123e+02  -4.5744356e-03
   4.8000000e+01   9.6000000e+01   8.5000000e+01   8.4696078e+02  -3.2622766e-03
   4.8000000e+01   9.6000000e+01   8.0000000e+01   8.8014042e+02   2.1473869e-02
   4.8000000e+01   9.6000000e+01   7.5000000e+01   1.1464756e+03   4.2825126e-02
   4.8000000e+01   9.6000000e+01   7.0000000e+01   1.2818256e+03  -1.5851692e-02
   4.8000000e+01   1.1200000e+02   1.0000000e+02   2.3839751e+02  -6.8086693e-04
   4.8000000e+01   1.1200000e+02   9.5000000e+01   2.3839751e+02  -3.3937513e-03
   4.8000000e+01   1.1200000e+02   9.0000000e+01   3.1532032e+02  -6.0892317e-04
   4.8000000e+01   1.1200000e+02   8.5000000e+01   9.3012828e+02  -7.2678639e-04
   4.8000000e+01   1.1200000e+02   8.0000000e+01   9.8104087e+02   1.4400045e-02
   4.8000000e+01   1.1200000e+02   7.5000000e+01   1.2716232e+03   1.7458597e-02
   4.8000000e+01   1.1200000e+02   7.0000000e+01   1.2591715e+03   1.7376033e-02
   4.8000000e+01   1.2800000e+02   1.0000000e+02   2.3772965e+02   0.0000000e+00
   4.8000000e+01   1.2800000e+02   9.5000000e+01   2.3772965e+02  -5.4570026e-04
   4.8000000e+01   1.2800000e+02   9.0000000e+01   3.2057241e+02  -5.4198894e-04
   4.8000000e+01   1.2800000e+02   8.5000000e+01   1.0238011e+03  -4.6130936e-04
   4.8000000e+01   1.2800000e+02   8.0000000e+01   1.1234025e+03   2.1190157e-04
   4.8000000e+01   1.2800000e+02   7.5000000e+01   1.2330788e+03   1.0595095e-04
   4.8000000e+01   1.2800000e+02   7.0000000e+01   1.2507373e+03   0.0000000e+00
   4.8000000e+01   1.4400000e+02   1.0000000e+02   2.3962730e+02   0.0000000e+00
   4.8000000e+01   1.4400000e+02   9.5000000e+01   2.3962730e+02   0.0000000e+00
   4.8000000e+01   1.4400000e+02   9.0000000e+01   3.2721534e+02   0.0000000e+00
   4.8000000e+01   1.4400000e+02   8.5000000e+01   1.2170366e+03   0.0000000e+00
   4.8000000e+01   1.4400000e+02   8.0000000e+01   1.2354677e+03   0.0000000e+00
   4.8000000e+01   1.4400000e+02   7.5000000e+01   1.2466905e+03   0.0000000e+00
   4.8000000e+01   1.4400000e+02   7.0000000e+01   1.2500193e+03   0.0000000e+00
   4.8000000e+01   1.6000000e+02   1.0000000e+02   2.3995389e+02   0.0000000e+00
   4.8000000e+01   1.6000000e+02   9.5000000e+01   2.3995389e+02   0.0000000e+00
   4.8000000e+01   1.6000000e+02   9.0000000e+01   3.2834982e+02   0.0000000e+00
   4.8000000e+01   1.6000000e+02   8.5000000e+01   1.2474075e+03   0.0000000e+00
   4.8000000e+01   1.6000000e+02   8.0000000e+01   1.2490480e+03   0.0000000e+00
   4.8000000e+01   1.6000000e+02   7.5000000e+01   1.2499136e+03   0.0000000e+00
   4.8000000e+01   1.6000000e+02   7.0000000e+01   1.2500000e+03   0.0000000e+00
   6.4000000e+01   0.0000000e+00   1.0000000e+02   2.4558760e+02   0.0000000e+00
   6.4000000e+01   0.0000000e+00   9.5000000e+01   2.4558760e+02  -5.1448573e-02
   6.4000000e+01   0.0000000e+00   9.0000000e+01   3.3202488e+02  -4.9428956e-02
   6.4000000e+01   0.0000000e+00   8.5000000e+01   1.1322755e+03  -3.5463768e-02
   6.4000000e+01   0.0000000e+00   8.0000000e+01   1.2222185e+03  -1.9188677e-02
   6.4000000e+01   0.0000000e+00   7.5000000e+01   1.2557527e+03  -6.8439442e-03
   6.4000000e+01   0.0000000e+00   7.0000000e+01   1.2502961e+03   0.0000000e+00
   6.4000000e+01   1.6000000e+01   1.0000000e+02   2.4563914e+02   0.0000000e+00
   6.4000000e+01   1.6000000e+01   9.5000000e+01   2.4563914e+02  -1.7610192e-01
   6.4000000e+01   1.6000000e+01   9.0000000e+01   3.3144915e+02  -1.7415840e-01
   6.4000000e+01   1.6000000e+01   8.5000000e+01   1.0370229e+03  -1.4323836e-01
   6.4000000e+01   1.6000000e+01   8.0000000e+01   1.1005580e+03  -1.2914348e-01
   6.4000000e+01   1.6000000e+01   7.5000000e+01   1.2018411e+03  -9.9165101e-02
   6.4000000e+01   1.6000000e+01   7.0000000e+01   1.2478775e+03  -4.5947683e-02
   6.4000000e+01   3.2000000e+01   1.0000000e+02   2.3389850e+02  -1.1525778e-03
   6.4000000e+01   3.2000000e+01   9.5000000e+01   2.3389850e+02  -4.8116825e-02
   6.4000000e+01   3.2000000e+01   9.0000000e+01   3.0091863e+02  -5.0931697e-02
   6.4000000e+01   3.2000000e+01   8.5000000e+01   7.5947279e+02  -6.1526792e-02
   6.4000000e+01   3.2000000e+01   8.0000000e+01   8.3492702e+02  -5.9956588e-02
   6.4000000e+01   3.2000000e+01   7.5000000e+01   1.0077913e+03  -5.5082804e-02
   6.4000000e+01   3.2000000e+01   7.0000000e+01   1.1857929e+03  -7.0196375e-02
   6.4000000e+01   4.8000000e+01   1.0000000e+02   2.2372086e+02  -2.3178194e-02
   6.4000000e+01   4.8000000e+01   9.5000000e+01   2.2372086e+02  -3.1292986e-02
   6.4000000e+01   4.8000000e+01   9.0000000e+01   2.8067454e+02  -3.0062388e-02
   6.4000000e+01   4.8000000e+01   8.5000000e+01   7.7763949e+02  -2.4393038e-02
   6.4000000e+01   4.8000000e+01   8.0000000e+01   8.1735003e+02  -3.9272231e-02
   6.4000000e+01   4.8000000e+01   7.5000000e+01   9.6686989e+02  -3.9324264e-02
   6.4000000e+01   4.8000000e+01   7.0000000e+01   1.1057202e+03  -5.0177358e-02
   6.4000000e+01   6.4000000e+01   1.0000000e+02   2.1289295e+02  -5.8065205e-02
   6.4000000e+01   6.4000000e+01   9.5000000e+01   2.1289295e+02  -6.9167754e-03
   6.4000000e+01   6.4000000e+01   9.0000000e+01   2.6526886e+02  -2.6744723e-03
   6.4000000e+01   6.4000000e+01   8.5000000e+01   7.6082858e+02  -6.9519682e-03
   6.4000000e+01   6.4000000e+01   8.0000000e+01   8.1841619e+02  -5.3622876e-03
   6.4000000e+01   6.4000000e+01   7.5000000e+01   1.0073867e+03  -1.2153923e-02
   6.4000000e+01   6.4000000e+01   7.0000000e+01   1.2321689e+03  -6.1002271e-02
   6.4000000e+01   8.0000000e+01   1.0000000e+02   2.0765993e+02  -2.3927449e-01
   6.4000000e+01   8.0000000e+01   9.5000000e+01   2.0765993e+02  -5.4356046e-04
   6.4000000e+01   8.0000000e+01   9.0000000e+01   2.5309039e+02   4.1099711e-03
   6.4000000e+01   8.0000000e+01   8.5000000e+01   7.8571819e+02   5.4428812e-03
   6.4000000e+01   8.0000000e+01   8.0000000e+01   8.3590938e+02  -4.4600024e-03
   6.4000000e+01   8.0000000e+01   7.5000000e+01   1.0728148e+03  -1.7660147e-02
   6.4000000e+01   8.0000000e+01   7.0000000e+01   1.5072976e+03  -7.4848473e-02
   6.4000000e+01   9.6000000e+01   1.0000000e+02   2.2536381e+02  -1.5116897e-01
   6.4000000e+01   9.6000000e+01   9.5000000e+01   2.2536381e+02   1.4519702e-02
   6.4000000e+01   9.6000000e+01   9.0000000e+01   2.8719975e+02   1.2596207e-02
   6.4000000e+01   9.6000000e+01   8.5000000e+01   9.6489346e+02   3.8861520e-03
   6.4000000e+01   9.6000000e+01   8.0000000e+01   9.2456416e+02  -6.5737417e-03
   6.4000000e+01   9.6000000e+01   7.5000000e+01   1.4439572e+03  -6.8194994e-03
   6.4000000e+01   9.6000000e+01   7.0000000e+01   1.5862765e+03   3.5684113e-02
   6.4000000e+01   1.1200000e+02   1.0000000e+02   2.2226223e+02   0.0000000e+00
   6.4000000e+01   1.1200000e+02   9.5000000e+01   2.2226223e+02   5.3268709e-02
   6.4000000e+01   1.1200000e+02   9.0000000e+01   2.9171836e+02   5.1258306e-02
   6.4000000e+01   1.1200000e+02   8.5000000e+01   9.1707029e+02   7.4495320e-02
   6.4000000e+01   1.1200000e+02   8.0000000e+01   9.9106502e+02   7.2946928e-02
   6.4000000e+01   1.1200000e+02   7.5000000e+01   1.5304859e+03   7.2435786e-02
   6.4000000e+01   1.1200000e+02   7.0000000e+01   1.3245482e+03   2.3433978e-02
   6.4000000e+01   1.2800000e+02   1.0000000e+02   2.2953424e+02   0.0000000e+00
   6.4000000e+01   1.2800000e+02   9.5000000e+01   2.2953424e+02   3.5000064e-02
   6.4000000e+01   1.2800000e+02   9.0000000e+01   3.0745033e+02   3.0720048e-02
   6.4000000e+01   1.2800000e+02   8.5000000e+01   9.2319773e+02   1.9860612e-02
   6.4000000e+01   1.2800000e+02   8.0000000e+01   1.1103046e+03   1.0682472e-02
   6.4000000e+01   1.2800000e+02   7.5000000e+01   1.3375948e+03   2.5336356e-03
   6.4000000e+01   1.2800000e+02   7.0000000e+01   1.2555441e+03   5.1304662e-04
   6.4000000e+01   1.4400000e+02   1.0000000e+02   2.3887341e+02   0.0000000e+00
   6.4000000e+01   1.4400000e+02   9.5000000e+01   2.3887341e+02   0.0000000e+00
   6.4000000e+01   1.4400000e+02   9.0000000e+01   3.2586550e+02   0.0000000e+00
   6.4000000e+01   1.4400000e+02   8.5000000e+01   1.1969261e+03   0.0000000e+00
   6.4000000e+01   1.4400000e+02   8.0000000e+01   1.2371550e+03   0.0000000e+00
   6.4000000e+01   1.4400000e+02   7.5000000e+01   1.2561723e+03   0.0000000e+00
   6.4000000e+01   1.4400000e+02   7.0000000e+01   1.2501659e+03   0.0000000e+00
   6.4000000e+01   1.6000000e+02   1.0000000e+02   2.4029646e+02   0.0000000e+00
   6.4000000e+01   1.6000000e+02   9.5000000e+01   2.4029646e+02   0.0000000e+00
   6.4000000e+01   1.6000000e+02   9.0000000e+01   3.2885619e+02   0.0000000e+00
   6.4000000e+01   1.6000000e+02   8.5000000e+01   1.2511162e+03   0.0000000e+00
   6.4000000e+01   1.6000000e+02   8.0000000e+01   1.2532970e+03   0.0000000e+00
   6.4000000e+01   1.6000000e+02   7.5000000e+01   1.2529722e+03   0.0000000e+00
   6.4000000e+01   1.6000000e+02   7.0000000e+01   1.2500003e+03   0.0000000e+00
   8.0000000e+01   0.0000000e+00   1.0000000e+02   2.2420715e+02   0.0000000e+00
   8.0000000e+01   0.0000000e+00   9.5000000e+01   2.2420715e+02  -3.7691322e-02
   8.0000000e+01   0.0000000e+00   9.0000000e+01   2.8329526e+02  -4.7500609e-02
   8.0000000e+01   0.0000000e+00   8.5000000e+01   7.8156152e+02  -4.6719418e-02
   8.0000000e+01   0.0000000e+00   8.0000000e+01   1.1962295e+03  -4.0506413e-02
   8.0000000e+01   0.0000000e+00   7.5000000e+01   1.3430631e+03  -2.8086707e-03
   8.0000000e+01   0.0000000e+00   7.0000000e+01   1.2513118e+03   0.0000000e+00
   8.0000000e+01   1.6000000e+01   1.0000000e+02   2.3713718e+02   0.0000000e+00
   8.0000000e+01   1.6000000e+01   9.5000000e+01   2.3713718e+02  -6.5802454e-02
   8.0000000e+01   1.6000000e+01   9.0000000e+01   3.0866937e+02  -6.3289938e-02
   8.0000000e+01   1.6000000e+01   8.5000000e+01   8.0608150e+02  -8.2663820e-02
   8.0000000e+01   1.6000000e+01   8.0000000e+01   1.0959156e+03  -8.5939096e-02
   8.0000000e+01   1.6000000e+01   7.5000000e+01   1.3484741e+03  -1.0383407e-01
   8.0000000e+01   1.6000000e+01   7.0000000e+01   1.2730463e+03  -8.5001193e-02
   8.0000000e+01   3.2000000e+01   1.0000000e+02   2.3345795e+02   0.0000000e+00
   8.0000000e+01   3.2000000e+01   9.5000000e+01   2.3345795e+02  -6.3932310e-02
   8.0000000e+01   3.2000000e+01   9.0000000e+01   3.0292404e+02  -7.9915309e-02
   8.0000000e+01   3.2000000e+01   8.5000000e+01   7.5110955e+02  -5.8476717e-02
   8.0000000e+01   3.2000000e+01   8.0000000e+01   9.4268296e+02  -6.1283306e-02
   8.0000000e+01   3.2000000e+01   7.5000000e+01   1.2073494e+03  -9.3350971e-02
   8.0000000e+01   3.2000000e+01   7.0000000e+01   1.4079660e+03  -2.3291688e-01
   8.0000000e+01   4.8000000e+01   1.0000000e+02   2.1379608e+02  -1.5646627e-01
   8.0000000e+01   4.8000000e+01   9.5000000e+01   2.1379608e+02  -1.4740415e-02
   8.0000000e+01   4.8000000e+01   9.0000000e+01   2.7471847e+02  -1.4423112e-02
   8.0000000e+01   4.8000000e+01   8.5000000e+01   8.5081189e+02  -1.2359321e-02
   8.0000000e+01   4.8000000e+01   8.0000000e+01   8.5173272e+02  -2.1150794e-02
   8.0000000e+01   4.8000000e+01   7.5000000e+01   1.0145817e+03  -2.2934499e-02
   8.0000000e+01   4.8000000e+01   7.0000000e+01   1.5854977e+03  -6.3028610e-02
   8.0000000e+01   6.4000000e+01   1.0000000e+02   2.0955173e+02  -3.1771462e-01
   8.0000000e+01   6.4000000e+01   9.5000000e+01   2.0955173e+02  -1.2583175e-02
   8.0000000e+01   6.4000000e+01   9.0000000e+01   2.6879080e+02  -1.2020685e-02
   8.0000000e+01   6.4000000e+01   8.5000000e+01   9.1674055e+02  -7.4902972e-03
   8.0000000e+01   6.4000000e+01   8.0000000e+01   8.7893055e+02  -1.6770540e-03
   8.0000000e+01   6.4000000e+01   7.5000000e+01   9.9169403e+02   1.8919468e-03
   8.0000000e+01   6.4000000e+01   7.0000000e+01   1.5558346e+03  -4.9001328e-02
   8.0000000e+01   8.0000000e+01   1.0000000e+02   1.9308711e+02  -1.8704337e-01
   8.0000000e+01   8.0000000e+01   9.5000000e+01   1.9308711e+02   1.1174292e-02
   8.0000000e+01   8.0000000e+01   9.0000000e+01   2.4773592e+02   1.0611139e-02
   8.0000000e+01   8.0000000e+01   8.5000000e+01   8.4297614e+02   6.5756123e-03
   8.0000000e+01   8.0000000e+01   8.0000000e+01   9.2851050e+02   1.0264653e-02
   8.0000000e+01   8.0000000e+01   7.5000000e+01   1.3553940e+03   2.3674448e-02
   8.0000000e+01   8.0000000e+01   7.0000000e+01   1.7404698e+03   6.1953007e-02
   8.0000000e+01   9.6000000e+01   1.0000000e+02   2.1371591e+02  -9.3050004e-03
   8.0000000e+01   9.6000000e+01   9.5000000e+01   2.1371591e+02   1.0496192e-02
   8.0000000e+01   9.6000000e+01   9.0000000e+01   2.8333142e+02  -2.2452347e-03
   8.0000000e+01   9.6000000e+01   8.5000000e+01   1.0300781e+03  -3.1165217e-03
   8.0000000e+01   9.6000000e+01   8.0000000e+01   9.8619212e+02   2.8647508e-03
   8.0000000e+01   9.6000000e+01   7.5000000e+01   1.6497292e+03   4.3826622e-02
   8.0000000e+01   9.6000000e+01   7.0000000e+01   1.6793378e+03   1.9825609e-01
   8.0000000e+01   1.1200000e+02   1.0000000e+02   2.1625466e+02   0.0000000e+00
   8.0000000e+01   1.1200000e+02   9.5000000e+01   2.1625466e+02   2.6507856e-02
   8.0000000e+01   1.1200000e+02   9.0000000e+01   2.8885022e+02   2.8275299e-02
   8.0000000e+01   1.1200000e+02   8.5000000e+01   9.8242611e+02   2.7861424e-02
   8.0000000e+01   1.1200000e+02   8.0000000e+01   1.1394346e+03   3.5029700e-02
   8.0000000e+01   1.1200000e+02   7.5000000e+01   1.7397670e+03   2.9196337e-02
   8.0000000e+01   1.1200000e+02   7.0000000e+01   1.3724846e+03  -1.9621211e-02
   8.0000000e+01   1.2800000e+02   1.0000000e+02   2.2551714e+02   0.0000000e+00
   8.0000000e+01   1.2800000e+02   9.5000000e+01   2.2551714e+02   2.3671939e-02
   8.0000000e+01   1.2800000e+02   9.0000000e+01   3.0273564e+02   4.0003991e-03
   8.0000000e+01   1.2800000e+02   8.5000000e+01   9.5047938e+02  -1.9398768e-02
   8.0000000e+01   1.2800000e+02   8.0000000e+01   1.2020401e+03  -4.7931313e-02
   8.0000000e+01   1.2800000e+02   7.5000000e+01   1.6913201e+03  -7.9633208e-02
   8.0000000e+01   1.2800000e+02   7.0000000e+01   1.2651753e+03   1.1017385e-04
   8.0000000e+01   1.4400000e+02   1.0000000e+02   2.4001572e+02   0.0000000e+00
   8.0000000e+01   1.4400000e+02   9.5000000e+01   2.4001572e+02   4.2535598e-03
   8.0000000e+01   1.4400000e+02   9.0000000e+01   3.3007467e+02   3.5481431e-03
   8.0000000e+01   1.4400000e+02   8.5000000e+01   1.2191004e+03   2.3136662e-03
   8.0000000e+01   1.4400000e+02   8.0000000e+01   1.3243399e+03   9.0283445e-04
   8.0000000e+01   1.4400000e+02   7.5000000e+01   1.3071255e+03   0.0000000e+00
   8.0000000e+01   1.4400000e+02   7.0000000e+01   1.2504302e+03   0.0000000e+00
   8.0000000e+01   1.6000000e+02   1.0000000e+02   2.4396756e+02   0.0000000e+00
   8.0000000e+01   1.6000000e+02   9.5000000e+01   2.4396756e+02   0.0000000e+00
   8.0000000e+01   1.6000000e+02   9.0000000e+01   3.3640759e+02   0.0000000e+00
   8.0000000e+01   1.6000000e+02   8.5000000e+01   1.3816072e+03   0.0000000e+00
   8.0000000e+01   1.6000000e+02   8.0000000e+01   1.3181937e+03   0.0000000e+00
   8.0000000e+01   1.6000000e+02   7.5000000e+01   1.2739257e+03   0.0000000e+00
   8.0000000e+01   1.6000000e+02   7.0000000e+01   1.2500009e+03   0.0000000e+00
   9.6000000e+01   0.0000000e+00   1.0000000e+02   2.1977609e+02   0.0000000e+00
   9.6000000e+01   0.0000000e+00   9.5000000e+01   2.1977609e+02   0.0000000e+00
   9.6000000e+01   0.0000000e+00   9.0000000e+01   2.9025463e+02   0.0000000e+00
   9.6000000e+01   0.0000000e+00   8.5000000e+01   9.2593138e+02   0.0000000e+00
   9.6000000e+01   0.0000000e+00   8.0000000e+01   1.1416537e+03   8.9988342e-07
   9.6000000e+01   0.0000000e+00   7.5000000e+01   1.2673666e+03   0.0000000e+00
   9.6000000e+01   0.0000000e+00   7.0000000e+01   1.2515317e+03   0.0000000e+00
   9.6000000e+01   1.6000000e+01   1.0000000e+02   2.2118538e+02   0.0000000e+00
   9.6000000e+01   1.6000000e+01   9.5000000e+01   2.2118538e+02  -3.5391347e-03
   9.6000000e+01   1.6000000e+01   9.0000000e+01   2.8299099e+02  -3.3235954e-03
   9.6000000e+01   1.6000000e+01   8.5000000e+01   8.3985869e+02  -1.7128920e-03
   9.6000000e+01   1.6000000e+01   8.0000000e+01   1.0682090e+03  -2.0496005e-03
   9.6000000e+01   1.6000000e+01   7.5000000e+01   1.4213928e+03  -6.2432909e-03
   9.6000000e+01   1.6000000e+01   7.0000000e+01   1.2630944e+03  -1.6866820e-02
   9.6000000e+01   3.2000000e+01   1.0000000e+02   2.3061018e+02   0.0000000e+00
   9.6000000e+01   3.2000000e+01   9.5000000e+01   2.3061018e+02   4.3322795e-03
   9.6000000e+01   3.2000000e+01   9.0000000e+01   3.0291361e+02   1.9741513e-02
   9.6000000e+01   3.2000000e+01   8.5000000e+01   8.6049915e+02   3.5214993e-02
   9.6000000e+01   3.2000000e+01   8.0000000e+01   1.0325819e+03   4.7196295e-02
   9.6000000e+01   3.2000000e+01   7.5000000e+01   1.4020940e+03   6.5787248e-02
   9.6000000e+01   3.2000000e+01   7.0000000e+01   1.2932579e+03  -3.2633646e-02
   9.6000000e+01   4.8000000e+01   1.0000000e+02   2.2412031e+02  -7.1554509e-06
   9.6000000e+01   4.8000000e+01   9.5000000e+01   2.2412031e+02   2.4030434e-03
   9.6000000e+01   4.8000000e+01   9.0000000e+01   3.0523039e+02   3.7979277e-03
   9.6000000e+01   4.8000000e+01   8.5000000e+01   9.9285899e+02  -8.4601878e-04
   9.6000000e+01   4.8000000e+01   8.0000000e+01   1.0580249e+03  -8.6033943e-03
   9.6000000e+01   4.8000000e+01   7.5000000e+01   1.1918223e+03  -9.6524728e-04
   9.6000000e+01   4.8000000e+01   7.0000000e+01   1.5363703e+03   2.8499857e-02
   9.6000000e+01   6.4000000e+01   1.0000000e+02   2.1364280e+02  -2.1651382e-02
   9.6000000e+01   6.4000000e+01   9.5000000e+01   2.1364280e+02  -7.3434941e-03
   9.6000000e+01   6.4000000e+01   9.0000000e+01   2.6899954e+02  -6.5420435e-03
   9.6000000e+01   6.4000000e+01   8.5000000e+01   9.7773334e+02  -4.7317391e-03
   9.6000000e+01   6.4000000e+01   8.0000000e+01   1.0254991e+03   4.9330535e-03
   9.6000000e+01   6.4000000e+01   7.5000000e+01   1.3008705e+03   1.3710161e-02
   9.6000000e+01   6.4000000e+01   7.0000000e+01   1.6903676e+03   8.7368149e-02
   9.6000000e+01   8.0000000e+01   1.0000000e+02   2.0742963e+02  -4.5417069e-06
   9.6000000e+01   8.0000000e+01   9.5000000e+01   2.0742963e+02   1.4668079e-02
   9.6000000e+01   8.0000000e+01   9.0000000e+01   2.6675212e+02   1.8245351e-02
   9.6000000e+01   8.0000000e+01   8.5000000e+01   1.0336457e+03   2.3581056e-02
   9.6000000e+01   8.0000000e+01   8.0000000e+01   9.8572078e+02   2.6594223e-02
   9.6000000e+01   8.0000000e+01   7.5000000e+01   1.4116058e+03   3.2599746e-02
   9.6000000e+01   8.0000000e+01   7.0000000e+01   1.7191068e+03   3.3136284e-01
   9.6000000e+01   9.6000000e+01   1.0000000e+02   2.2726046e+02   6.5230801e-05
   9.6000000e+01   9.6000000e+01   9.5000000e+01   2.2726046e+02   3.1279803e-02
   9.6000000e+01   9.6000000e+01   9.0000000e+01   3.0385787e+02   2.5705221e-02
   9.6000000e+01   9.6000000e+01   8.5000000e+01   1.0279125e+03   1.8627731e-02
   9.6000000e+01   9.6000000e+01   8.0000000e+01   1.1443708e+03   9.6068677e-03
   9.6000000e+01   9.6000000e+01   7.5000000e+01   1.7543694e+03   4.4946114e-02
   9.6000000e+01   9.6000000e+01   7.0000000e+01   1.5552930e+03   1.0573002e-01
   9.6000000e+01   1.1200000e+02   1.0000000e+02   2.1797134e+02   0.0000000e+00
   9.6000000e+01   1.1200000e+02   9.5000000e+01   2.1797134e+02   3.8625045e-02
   9.6000000e+01   1.1200000e+02   9.0000000e+01   2.9233768e+02   3.5823680e-02
   9.6000000e+01   1.1200000e+02   8.5000000e+01   9.2146191e+02   2.5102838e-02
   9.6000000e+01   1.1200000e+02   8.0000000e+01   1.1139740e+03   3.2717447e-02
   9.6000000e+01   1.1200000e+02   7.5000000e+01   1.6572610e+03   4.1546991e-02
   9.6000000e+01   1.1200000e+02   7.0000000e+01   1.3154443e+03   2.2522267e-02
   9.6000000e+01   1.2800000e+02   1.0000000e+02   2.2791875e+02   0.0000000e+00
   9.6000000e+01   1.2800000e+02   9.5000000e+01   2.2791875e+02   5.0216018e-02
   9.6000000e+01   1.2800000e+02   9.0000000e+01   3.0764075e+02   6.0629014e-02
   9.6000000e+01   1.2800000e+02   8.5000000e+01   1.0473886e+03   4.8426259e-02
   9.6000000e+01   1.2800000e+02   8.0000000e+01   1.3450480e+03   3.3767247e-02
   9.6000000e+01   1.2800000e+02   7.5000000e+01   1.6028721e+03   1.2516896e-02
   9.6000000e+01   1.2800000e+02   7.0000000e+01   1.2558576e+03   0.0000000e+00
   9.6000000e+01   1.4400000e+02   1.0000000e+02   2.4680601e+02   0.0000000e+00
   9.6000000e+01   1.4400000e+02   9.5000000e+01   2.4680601e+02   5.9775642e-03
   9.6000000e+01   1.4400000e+02   9.0000000e+01   3.4113022e+02   3.5128031e-03
   9.6000000e+01   1.4400000e+02   8.5000000e+01   1.4282261e+03   1.2885924e-04
   9.6000000e+01   1.4400000e+02   8.0000000e+01   1.4601582e+03   6.5026136e-05
   9.6000000e+01   1.4400000e+02   7.5000000e+01   1.3151069e+03   0.0000000e+00
   9.6000000e+01   1.4400000e+02   7.0000000e+01   1.2501951e+03   0.0000000e+00
   9.6000000e+01   1.6000000e+02   1.0000000e+02   2.5349145e+02   0.0000000e+00
   9.6000000e+01   1.6000000e+02   9.5000000e+01   2.5349145e+02   0.0000000e+00
   9.6000000e+01   1.6000000e+02   9.0000000e+01   3.5216449e+02   0.0000000e+00
   9.6000000e+01   1.6000000e+02   8.5000000e+01   1.5647791e+03   0.0000000e+00
   9.6000000e+01   1.6000000e+02   8.0000000e+01   1.3794524e+03   0.0000000e+00
   9.6000000e+01   1.6000000e+02   7.5000000e+01   1.2923819e+03   0.0000000e+00
   9.6000000e+01   1.6000000e+02   7.0000000e+01   1.2500002e+03   0.0000000e+00
   1.1200000e+02   0.0000000e+00   1.0000000e+02   2.3753272e+02   0.0000000e+00
   1.1200000e+02   0.0000000e+00   9.5000000e+01   2.3753272e+02   0.0000000e+00
   1.1200000e+02   0.0000000e+00   9.0000000e+01   3.2336872e+02   0.0000000e+00
   1.1200000e+02   0.0000000e+00   8.5000000e+01   1.1656823e+03   0.0000000e+00
   1.1200000e+02   0.0000000e+00   8.0000000e+01   1.2197995e+03   0.0000000e+00
   1.1200000e+02   0.0000000e+00   7.5000000e+01   1.2494443e+03   0.0000000e+00
   1.1200000e+02   0.0000000e+00   7.0000000e+01   1.2504086e+03   0.0000000e+00
   1.1200000e+02   1.6000000e+01   1.0000000e+02   2.3517564e+02   0.0000000e+00
   1.1200000e+02   1.6000000e+01   9.5000000e+01   2.3517564e+02  -2.1059813e-03
   1.1200000e+02   1.6000000e+01   9.0000000e+01   3.1772541e+02  -1.8115937e-03
   1.1200000e+02   1.6000000e+01   8.5000000e+01   1.1055247e+03  -1.1246903e-03
   1.1200000e+02   1.6000000e+01   8.0000000e+01   1.2018727e+03  -9.6475734e-05
   1.1200000e+02   1.6000000e+01   7.5000000e+01   1.2829363e+03   1.2545675e-03
   1.1200000e+02   1.6000000e+01   7.0000000e+01   1.2517461e+03   5.1513881e-05
   1.1200000e+02   3.2000000e+01   1.0000000e+02   2.2108316e+02   0.0000000e+00
   1.1200000e+02   3.2000000e+01   9.5000000e+01   2.2108316e+02   3.0996378e-02
   1.1200000e+02   3.2000000e+01   9.0000000e+01   2.9673848e+02   2.9185552e-02
   1.1200000e+02   3.2000000e+01   8.5000000e+01   9.8129955e+02   2.2770456e-02
   1.1200000e+02   3.2000000e+01   8.0000000e+01   1.2736344e+03   1.8925495e-02
   1.1200000e+02   3.2000000e+01   7.5000000e+01   1.6390431e+03   1.2809985e-02
   1.1200000e+02   3.2000000e+01   7.0000000e+01   1.2711503e+03  -1.9106192e-02
   1.1200000e+02   4.8000000e+01   1.0000000e+02   2.2334589e+02   0.0000000e+00
   1.1200000e+02   4.8000000e+01   9.5000000e+01   2.2334589e+02   1.1966488e-02
   1.1200000e+02   4.8000000e+01   9.0000000e+01   3.1461736e+02   3.9232820e-02
   1.1200000e+02   4.8000000e+01   8.5000000e+01   1.0935103e+03   4.1417538e-02
   1.1200000e+02   4.8000000e+01   8.0000000e+01   1.2251937e+03   6.6158670e-02
   1.1200000e+02   4.8000000e+01   7.5000000e+01   1.6561465e+03   9.3254544e-02
   1.1200000e+02   4.8000000e+01   7.0000000e+01   1.3230216e+03   6.0925445e-02
   1.1200000e+02   6.4000000e+01   1.0000000e+02   2.2139330e+02   0.0000000e+00
   1.1200000e+02   6.4000000e+01   9.5000000e+01   2.2139330e+02   3.6568296e-03
   1.1200000e+02   6.4000000e+01   9.0000000e+01   2.8926002e+02   2.7811325e-03
   1.1200000e+02   6.4000000e+01   8.5000000e+01   1.0941543e+03   1.3097031e-02
   1.1200000e+02   6.4000000e+01   8.0000000e+01   1.0795892e+03   1.3460681e-02
   1.1200000e+02   6.4000000e+01   7.5000000e+01   1.6263970e+03   6.3422656e-02
   1.1200000e+02   6.4000000e+01   7.0000000e+01   1.5095595e+03   1.6617836e-01
   1.1200000e+02   8.0000000e+01   1.0000000e+02   2.1485638e+02   0.0000000e+00
   1.1200000e+02   8.0000000e+01   9.5000000e+01   2.1485638e+02   2.6567828e-02
   1.1200000e+02   8.0000000e+01   9.0000000e+01   2.8746529e+02   4.0369832e-02
   1.1200000e+02   8.0000000e+01   8.5000000e+01   9.0583281e+02   5.6586868e-02
   1.1200000e+02   8.0000000e+01   8.0000000e+01   1.1325787e+03   8.8060491e-02
   1.1200000e+02   8.0000000e+01   7.5000000e+01   1.7378416e+03   1.6615954e-01
   1.1200000e+02   8.0000000e+01   7.0000000e+01   1.5401152e+03   1.4621923e-01
   1.1200000e+02   9.6000000e+01   1.0000000e+02   2.1949283e+02   0.0000000e+00
   1.1200000e+02   9.6000000e+01   9.5000000e+01   2.1949283e+02   1.4975596e-03
   1.1200000e+02   9.6000000e+01   9.0000000e+01   2.9540104e+02   7.3729056e-04
   1.1200000e+02   9.6000000e+01   8.5000000e+01   8.9594144e+02  -8.4002616e-04
   1.1200000e+02   9.6000000e+01   8.0000000e+01   1.0717243e+03   1.9514386e-04
   1.1200000e+02   9.6000000e+01   7.5000000e+01   1.6220093e+03   1.3609562e-03
   1.1200000e+02   9.6000000e+01   7.0000000e+01   1.3694854e+03   9.5163545e-03
   1.1200000e+02   1.1200000e+02   1.0000000e+02   2.3578671e+02   0.0000000e+00
   1.1200000e+02   1.1200000e+02   9.5000000e+01   2.3578671e+02   1.0628087e-02
   1.1200000e+02   1.1200000e+02   9.0000000e+01   3.1913186e+02   8.6762010e-03
   1.1200000e+02   1.1200000e+02   8.5000000e+01   1.1657270e+03   5.7571353e-03
   1.1200000e+02   1.1200000e+02   8.0000000e+01   1.3249118e+03   2.5171263e-03
   1.1200000e+02   1.1200000e+02   7.5000000e+01   1.5896764e+03   1.4952825e-05
   1.1200000e+02   1.1200000e+02   7.0000000e+01   1.2753607e+03   0.0000000e+00
   1.1200000e+02   1.2800000e+02   1.0000000e+02   2.5644089e+02   0.0000000e+00
   1.1200000e+02   1.2800000e+02   9.5000000e+01   2.5644089e+02   0.0000000e+00
   1.1200000e+02   1.2800000e+02   9.0000000e+01   3.5721240e+02   0.0000000e+00
   1.1200000e+02   1.2800000e+02   8.5000000e+01   1.5811181e+03   0.0000000e+00
   1.1200000e+02   1.2800000e+02   8.0000000e+01   1.4157872e+03   0.0000000e+00
   1.1200000e+02   1.2800000e+02   7.5000000e+01   1.3741016e+03   0.0000000e+00
   1.1200000e+02   1.2800000e+02   7.0000000e+01   1.2516311e+03   0.0000000e+00
   1.1200000e+02   1.4400000e+02   1.0000000e+02   2.4301496e+02   0.0000000e+00
   1.1200000e+02   1.4400000e+02   9.5000000e+01   2.4301496e+02   0.0000000e+00
   1.1200000e+02   1.4400000e+02   9.0000000e+01   3.3332590e+02   0.0000000e+00
   1.1200000e+02   1.4400000e+02   8.5000000e+01   1.3114799e+03   0.0000000e+00
   1.1200000e+02   1.4400000e+02   8.0000000e+01   1.2954801e+03   0.0000000e+00
   1.1200000e+02   1.4400000e+02   7.5000000e+01   1.2696212e+03   0.0000000e+00
   1.1200000e+02   1.4400000e+02   7.0000000e+01   1.2500292e+03   0.0000000e+00
   1.1200000e+02   1.6000000e+02   1.0000000e+02   2.4221840e+02   0.0000000e+00
   1.1200000e+02   1.6000000e+02   9.5000000e+01   2.4221840e+02   0.0000000e+00
   1.1200000e+02   1.6000000e+02   9.0000000e+01   3.3244031e+02   0.0000000e+00
   1.1200000e+02   1.6000000e+02   8.5000000e+01   1.3036307e+03   0.0000000e+00
   1.1200000e+02   1.6000000e+02   8.0000000e+01   1.2759608e+03   0.0000000e+00
   1.1200000e+02   1.6000000e+02   7.5000000e+01   1.2583707e+03   0.0000000e+00
   1.1200000e+02   1.6000000e+02   7.0000000e+01   1.2500001e+03   0.0000000e+00
   1.2800000e+02   0.0000000e+00   1.0000000e+02   2.3985943e+02   0.0000000e+00
   1.2800000e+02   0.0000000e+00   9.5000000e+01   2.3985943e+02   0.0000000e+00
   1.2800000e+02   0.0000000e+00   9.0000000e+01   3.2809235e+02   0.0000000e+00
   1.2800000e+02   0.0000000e+00   8.5000000e+01   1.2414908e+03   0.0000000e+00
   1.2800000e+02   0.0000000e+00   8.0000000e+01   1.2471861e+03   0.0000000e+00
   1.2800000e+02   0.0000000e+00   7.5000000e+01   1.2500751e+03   0.0000000e+00
   1.2800000e+02   0.0000000e+00   7.0000000e+01   1.2500341e+03   0.0000000e+00
   1.2800000e+02   1.6000000e+01   1.0000000e+02   2.3907420e+02   0.0000000e+00
   1.2800000e+02   1.6000000e+01   9.5000000e+01   2.3907420e+02   0.0000000e+00
   1.2800000e+02   1.6000000e+01   9.0000000e+01   3.2689893e+02   0.0000000e+00
   1.2800000e+02   1.6000000e+01   8.5000000e+01   1.2323543e+03   0.0000000e+00
   1.2800000e+02   1.6000000e+01   8.0000000e+01   1.2522144e+03   0.0000000e+00
   1.2800000e+02   1.6000000e+01   7.5000000e+01   1.2586389e+03   0.0000000e+00
   1.2800000e+02   1.6000000e+01   7.0000000e+01   1.2502026e+03   0.0000000e+00
   1.2800000e+02   3.2000000e+01   1.0000000e+02   2.2976764e+02   0.0000000e+00
   1.2800000e+02   3.2000000e+01   9.5000000e+01   2.2976764e+02   3.1647206e-02
   1.2800000e+02   3.2000000e+01   9.0000000e+01   3.1057798e+02   3.1732448e-02
   1.2800000e+02   3.2000000e+01   8.5000000e+01   1.0863555e+03   2.8857434e-02
   1.2800000e+02   3.2000000e+01   8.0000000e+01   1.2972868e+03   1.3492866e-02
   1.2800000e+02   3.2000000e+01   7.5000000e+01   1.3786228e+03  -1.0585840e-02
   1.2800000e+02   3.2000000e+01   7.0000000e+01   1.2520447e+03  -1.8105692e-04
   1.2800000e+02   4.8000000e+01   1.0000000e+02   2.1207203e+02   0.0000000e+00
   1.2800000e+02   4.8000000e+01   9.5000000e+01   2.1207203e+02   4.3137893e-02
   1.2800000e+02   4.8000000e+01   9.0000000e+01   2.7832272e+02   3.8301422e-02
   1.2800000e+02   4.8000000e+01   8.5000000e+01   8.7647269e+02   2.6676852e-02
   1.2800000e+02   4.8000000e+01   8.0000000e+01   1.2440721e+03   4.2189312e-02
   1.2800000e+02   4.8000000e+01   7.5000000e+01   1.5178386e+03   8.3707903e-02
   1.2800000e+02   4.8000000e+01   7.0000000e+01   1.2650522e+03   3.7900877e-02
   1.2800000e+02   6.4000000e+01   1.0000000e+02   2.2688550e+02   0.0000000e+00
   1.2800000e+02   6.4000000e+01   9.5000000e+01   2.2688550e+02   3.9282791e-02
   1.2800000e+02   6.4000000e+01   9.0000000e+01   3.1276051e+02   3.8760162e-02
   1.2800000e+02   6.4000000e+01   8.5000000e+01   9.7194602e+02   3.3893150e-02
   1.2800000e+02   6.4000000e+01   8.0000000e+01   1.1415039e+03   3.6542266e-02
   1.2800000e+02   6.4000000e+01   7.5000000e+01   1.6181130e+03   4.5983792e-02
   1.2800000e+02   6.4000000e+01   7.0000000e+01   1.2934075e+03   3.9885955e-02
   1.2800000e+02   8.0000000e+01   1.0000000e+02   2.3662855e+02   0.0000000e+00
   1.2800000e+02   8.0000000e+01   9.5000000e+01   2.3662855e+02   1.5206708e-02
   1.2800000e+02   8.0000000e+01   9.0000000e+01   3.2924959e+02   1.2805755e-02
   1.2800000e+02   8.0000000e+01   8.5000000e+01   1.0427959e+03   7.7022213e-03
   1.2800000e+02   8.0000000e+01   8.0000000e+01   1.2820235e+03   2.6955328e-03
   1.2800000e+02   8.0000000e+01   7.5000000e+01   1.6900636e+03   5.6631872e-04
   1.2800000e+02   8.0000000e+01   7.0000000e+01   1.2865174e+03  -1.4099844e-04
   1.2800000e+02   9.6000000e+01   1.0000000e+02   2.2626020e+02   0.0000000e+00
   1.2800000e+02   9.6000000e+01   9.5000000e+01   2.2626020e+02   0.0000000e+00
   1.2800000e+02   9.6000000e+01   9.0000000e+01   3.0398296e+02   0.0000000e+00
   1.2800000e+02   9.6000000e+01   8.5000000e+01   9.6812530e+02   0.0000000e+00
   1.2800000e+02   9.6000000e+01   8.0000000e+01   1.1695973e+03   0.0000000e+00
   1.2800000e+02   9.6000000e+01   7.5000000e+01   1.3653582e+03   0.0000000e+00
   1.2800000e+02   9.6000000e+01   7.0000000e+01   1.2615774e+03   0.0000000e+00
   1.2800000e+02   1.1200000e+02   1.0000000e+02   2.3980590e+02   0.0000000e+00
   1.2800000e+02   1.1200000e+02   9.5000000e+01   2.3980590e+02   0.0000000e+00
   1.2800000e+02   1.1200000e+02   9.0000000e+01   3.2829187e+02   0.0000000e+00
   1.2800000e+02   1.1200000e+02   8.5000000e+01   1.2522342e+03   0.0000000e+00
   1.2800000e+02   1.1200000e+02   8.0000000e+01   1.2725746e+03   0.0000000e+00
   1.2800000e+02   1.1200000e+02   7.5000000e+01   1.2814715e+03   0.0000000e+00
   1.2800000e+02   1.1200000e+02   7.0000000e+01   1.2513890e+03   0.0000000e+00
   1.2800000e+02   1.2800000e+02   1.0000000e+02   2.4134072e+02   0.0000000e+00
   1.2800000e+02   1.2800000e+02   9.5000000e+01   2.4134072e+02   0.0000000e+00
   1.2800000e+02   1.2800000e+02   9.0000000e+01   3.3069602e+02   0.0000000e+00
   1.2800000e+02   1.2800000e+02   8.5000000e+01   1.2749413e+03   0.0000000e+00
   1.2800000e+02   1.2800000e+02   8.0000000e+01   1.2670676e+03   0.0000000e+00
   1.2800000e+02   1.2800000e+02   7.5000000e+01   1.2593662e+03   0.0000000e+00
   1.2800000e+02   1.2800000e+02   7.0000000e+01   1.2500872e+03   0.0000000e+00
   1.2800000e+02   1.4400000e+02   1.0000000e+02   2.4030973e+02   0.0000000e+00
   1.2800000e+02   1.4400000e+02   9.5000000e+01   2.4030973e+02   0.0000000e+00
   1.2800000e+02   1.4400000e+02   9.0000000e+01   3.2900836e+02   0.0000000e+00
   1.2800000e+02   1.4400000e+02   8.5000000e+01   1.2568150e+03   0.0000000e+00
   1.2800000e+02   1.4400000e+02   8.0000000e+01   1.2538252e+03   0.0000000e+00
   1.2800000e+02   1.4400000e+02   7.5000000e+01   1.2515651e+03   0.0000000e+00
   1.2800000e+02   1.4400000e+02   7.0000000e+01   1.2500014e+03   0.0000000e+00
   1.2800000e+02   1.6000000e+02   1.0000000e+02   2.4009778e+02   0.0000000e+00
   1.2800000e+02   1.6000000e+02   9.5000000e+01   2.4009778e+02   0.0000000e+00
   1.2800000e+02   1.6000000e+02   9.0000000e+01   3.2866782e+02   0.0000000e+00
   1.2800000e+02   1.6000000e+02   8.5000000e+01   1.2534431e+03   0.0000000e+00
   1.2800000e+02   1.6000000e+02   8.0000000e+01   1.2515207e+03   0.0000000e+00
   1.2800000e+02   1.6000000e+02   7.5000000e+01   1.2503801e+03   0.0000000e+00
   1.2800000e+02   1.6000000e+02   7.0000000e+01   1.2500000e+03   0.0000000e+00
   1.4400000e+02   0.0000000e+00   1.0000000e+02   2.3998002e+02   0.0000000e+00
   1.4400000e+02   0.0000000e+00   9.5000000e+01   2.3998002e+02   0.0000000e+00
   1.4400000e+02   0.0000000e+00   9.0000000e+01   3.2843240e+02   0.0000000e+00
   1.4400000e+02   0.0000000e+00   8.5000000e+01   1.2495727e+03   0.0000000e+00
   1.4400000e+02   0.0000000e+00   8.0000000e+01   1.2498462e+03   0.0000000e+00
   1.4400000e+02   0.0000000e+00   7.5000000e+01   1.2499887e+03   0.0000000e+00
   1.4400000e+02   0.0000000e+00   7.0000000e+01   1.2500001e+03   0.0000000e+00
   1.4400000e+02   1.6000000e+01   1.0000000e+02   2.3984992e+02   0.0000000e+00
   1.4400000e+02   1.6000000e+01   9.5000000e+01   2.3984992e+02   0.0000000e+00
   1.4400000e+02   1.6000000e+01   9.0000000e+01   3.2825646e+02   0.0000000e+00
   1.4400000e+02   1.6000000e+01   8.5000000e+01   1.2489885e+03   0.0000000e+00
   1.4400000e+02   1.6000000e+01   8.0000000e+01   1.2514678e+03   0.0000000e+00
   1.4400000e+02   1.6000000e+01   7.5000000e+01   1.2518137e+03   0.0000000e+00
   1.4400000e+02   1.6000000e+01   7.0000000e+01   1.2500169e+03   0.0000000e+00
   1.4400000e+02   3.2000000e+01   1.0000000e+02   2.3761959e+02   0.0000000e+00
   1.4400000e+02   3.2000000e+01   9.5000000e+01   2.3761959e+02   5.1065960e-03
   1.4400000e+02   3.2000000e+01   9.0000000e+01   3.2482148e+02   3.8601261e-03
   1.4400000e+02   3.2000000e+01   8.5000000e+01   1.2291542e+03   1.3558303e-03
   1.4400000e+02   3.2000000e+01   8.0000000e+01   1.2786825e+03   3.8030466e-05
   1.4400000e+02   3.2000000e+01   7.5000000e+01   1.2694247e+03  -4.3492778e-05
   1.4400000e+02   3.2000000e+01   7.0000000e+01   1.2501492e+03   0.0000000e+00
   1.4400000e+02   4.8000000e+01   1.0000000e+02   2.2541616e+02   0.0000000e+00
   1.4400000e+02   4.8000000e+01   9.5000000e+01   2.2541616e+02   3.2369649e-02
   1.4400000e+02   4.8000000e+01   9.0000000e+01   3.0549877e+02   3.9627831e-02
   1.4400000e+02   4.8000000e+01   8.5000000e+01   1.1000520e+03   4.3722696e-02
   1.4400000e+02   4.8000000e+01   8.0000000e+01   1.3549137e+03   5.1523579e-02
   1.4400000e+02   4.8000000e+01   7.5000000e+01   1.3521142e+03   2.4935452e-03
   1.4400000e+02   4.8000000e+01   7.0000000e+01   1.2507155e+03   0.0000000e+00
   1.4400000e+02   6.4000000e+01   1.0000000e+02   2.3253626e+02   0.0000000e+00
   1.4400000e+02   6.4000000e+01   9.5000000e+01   2.3253626e+02   0.0000000e+00
   1.4400000e+02   6.4000000e+01   9.0000000e+01   3.2193047e+02  -4.0362607e-04
   1.4400000e+02   6.4000000e+01   8.5000000e+01   1.1203838e+03   2.8444562e-03
   1.4400000e+02   6.4000000e+01   8.0000000e+01   1.3285338e+03   4.7560916e-04
   1.4400000e+02   6.4000000e+01   7.5000000e+01   1.4510921e+03   0.0000000e+00
   1.4400000e+02   6.4000000e+01   7.0000000e+01   1.2524472e+03   0.0000000e+00
   1.4400000e+02   8.0000000e+01   1.0000000e+02   2.3804534e+02   0.0000000e+00
   1.4400000e+02   8.0000000e+01   9.5000000e+01   2.3804534e+02   0.0000000e+00
   1.4400000e+02   8.0000000e+01   9.0000000e+01   3.2608308e+02   0.0000000e+00
   1.4400000e+02   8.0000000e+01   8.5000000e+01   1.1485877e+03   0.0000000e+00
   1.4400000e+02   8.0000000e+01   8.0000000e+01   1.2508425e+03   0.0000000e+00
   1.4400000e+02   8.0000000e+01   7.5000000e+01   1.2986474e+03   0.0000000e+00
   1.4400000e+02   8.0000000e+01   7.0000000e+01   1.2516894e+03   0.0000000e+00
   1.4400000e+02   9.6000000e+01   1.0000000e+02   2.3813049e+02   0.0000000e+00
   1.4400000e+02   9.6000000e+01   9.5000000e+01   2.3813049e+02   0.0000000e+00
   1.4400000e+02   9.6000000e+01   9.0000000e+01   3.2512280e+02   0.0000000e+00
   1.4400000e+02   9.6000000e+01   8.5000000e+01   1.2072927e+03   0.0000000e+00
   1.4400000e+02   9.6000000e+01   8.0000000e+01   1.2469617e+03   0.0000000e+00
   1.4400000e+02   9.6000000e+01   7.5000000e+01   1.2619270e+03   0.0000000e+00
   1.4400000e+02   9.6000000e+01   7.0000000e+01   1.2505712e+03   0.0000000e+00
   1.4400000e+02   1.1200000e+02   1.0000000e+02   2.3984799e+02   0.0000000e+00
   1.4400000e+02   1.1200000e+02   9.5000000e+01   2.3984799e+02   0.0000000e+00
   1.4400000e+02   1.1200000e+02   9.0000000e+01   3.2821504e+02   0.0000000e+00
   1.4400000e+02   1.1200000e+02   8.5000000e+01   1.2472994e+03   0.0000000e+00
   1.4400000e+02   1.1200000e+02   8.0000000e+01   1.2513398e+03   0.0000000e+00
   1.4400000e+02   1.1200000e+02   7.5000000e+01   1.2522706e+03   0.0000000e+00
   1.4400000e+02   1.1200000e+02   7.0000000e+01   1.2500647e+03   0.0000000e+00
   1.4400000e+02   1.2800000e+02   1.0000000e+02   2.4002899e+02   0.0000000e+00
   1.4400000e+02   1.2800000e+02   9.5000000e+01   2.4002899e+02   0.0000000e+00
   1.4400000e+02   1.2800000e+02   9.0000000e+01   3.2851421e+02   0.0000000e+00
   1.4400000e+02   1.2800000e+02   8.5000000e+01   1.2504704e+03   0.0000000e+00
   1.4400000e+02   1.2800000e+02   8.0000000e+01   1.2503403e+03   0.0000000e+00
   1.4400000e+02   1.2800000e+02   7.5000000e+01   1.2501842e+03   0.0000000e+00
   1.4400000e+02   1.2800000e+02   7.0000000e+01   1.2500023e+03   0.0000000e+00
   1.4400000e+02   1.4400000e+02   1.0000000e+02   2.4000312e+02   0.0000000e+00
   1.4400000e+02   1.4400000e+02   9.5000000e+01   2.4000312e+02   0.0000000e+00
   1.4400000e+02   1.4400000e+02   9.0000000e+01   3.2847155e+02   0.0000000e+00
   1.4400000e+02   1.4400000e+02   8.5000000e+01   1.2500206e+03   0.0000000e+00
   1.4400000e+02   1.4400000e+02   8.0000000e+01   1.2500081e+03   0.0000000e+00
   1.4400000e+02   1.4400000e+02   7.5000000e+01   1.2500013e+03   0.0000000e+00
   1.4400000e+02   1.4400000e+02   7.0000000e+01   1.2500001e+03   0.0000000e+00
   1.4400000e+02   1.6000000e+02   1.0000000e+02   2.3999998e+02   0.0000000e+00
   1.4400000e+02   1.6000000e+02   9.5000000e+01   2.3999998e+02   0.0000000e+00
   1.4400000e+02   1.6000000e+02   9.0000000e+01   3.2846717e+02   0.0000000e+00
   1.4400000e+02   1.6000000e+02   8.5000000e+01   1.2500001e+03   0.0000000e+00
   1.4400000e+02   1.6000000e+02   8.0000000e+01   1.2500001e+03   0.0000000e+00
   1.4400000e+02   1.6000000e+02   7.5000000e+01   1.2500000e+03   0.0000000e+00
   1.4400000e+02   1.6000000e+02   7.0000000e+01   1.2500001e+03   0.0000000e+00
   1.6000000e+02   0.0000000e+00   1.0000000e+02   2.3999998e+02   0.0000000e+00
   1.6000000e+02   0.0000000e+00   9.5000000e+01   2.3999998e+02   0.0000000e+00
   1.6000000e+02   0.0000000e+00   9.0000000e+01   3.2846719e+02   0.0000000e+00
   1.6000000e+02   0.0000000e+00   8.5000000e+01   1.2500000e+03   0.0000000e+00
   1.6000000e+02   0.0000000e+00   8.0000000e+01   1.2500000e+03   0.0000000e+00
   1.6000000e+02   0.0000000e+00   7.5000000e+01   1.2500000e+03   0.0000000e+00
   1.6000000e+02   0.0000000e+00   7.0000000e+01   1.2500000e+03   0.0000000e+00
   1.6000000e+02   1.6000000e+01   1.0000000e+02   2.3995826e+02   0.0000000e+00
   1.6000000e+02   1.6000000e+01   9.5000000e+01   2.3995826e+02   0.0000000e+00
   1.6000000e+02   1.6000000e+01   9.0000000e+01   3.2842942e+02   0.0000000e+00
   1.6000000e+02   1.6000000e+01   8.5000000e+01   1.2506242e+03   0.0000000e+00
   1.6000000e+02   1.6000000e+01   8.0000000e+01   1.2509581e+03   0.0000000e+00
   1.6000000e+02   1.6000000e+01   7.5000000e+01   1.2507499e+03   0.0000000e+00
   1.6000000e+02   1.6000000e+01   7.0000000e+01   1.2500001e+03   0.0000000e+00
   1.6000000e+02   3.2000000e+01   1.0000000e+02   2.3894693e+02   0.0000000e+00
   1.6000000e+02   3.2000000e+01   9.5000000e+01   2.3894693e+02   0.0000000e+00
   1.6000000e+02   3.2000000e+01   9.0000000e+01   3.2732116e+02   0.0000000e+00
   1.6000000e+02   3.2000000e+01   8.5000000e+01   1.2582131e+03   0.0000000e+00
   1.6000000e+02   3.2000000e+01   8.0000000e+01   1.2644440e+03   0.0000000e+00
   1.6000000e+02   3.2000000e+01   7.5000000e+01   1.2601850e+03   0.0000000e+00
   1.6000000e+02   3.2000000e+01   7.0000000e+01   1.2500031e+03   0.0000000e+00
   1.6000000e+02   4.8000000e+01   1.0000000e+02   2.3224447e+02   0.0000000e+00
   1.6000000e+02   4.8000000e+01   9.5000000e+01   2.3224447e+02   0.0000000e+00
   1.6000000e+02   4.8000000e+01   9.0000000e+01   3.1950930e+02   0.0000000e+00
   1.6000000e+02   4.8000000e+01   8.5000000e+01   1.2864083e+03   0.0000000e+00
   1.6000000e+02   4.8000000e+01   8.0000000e+01   1.3716396e+03   0.0000000e+00
   1.6000000e+02   4.8000000e+01   7.5000000e+01   1.3131103e+03   0.0000000e+00
   1.6000000e+02   4.8000000e+01   7.0000000e+01   1.2500399e+03   0.0000000e+00
   1.6000000e+02   6.4000000e+01   1.0000000e+02   2.4045013e+02   0.0000000e+00
   1.6000000e+02   6.4000000e+01   9.5000000e+01   2.4045013e+02   0.0000000e+00
   1.6000000e+02   6.4000000e+01   9.0000000e+01   3.3298140e+02   0.0000000e+00
   1.6000000e+02   6.4000000e+01   8.5000000e+01   1.3046089e+03   0.0000000e+00
   1.6000000e+02   6.4000000e+01   8.0000000e+01   1.3802058e+03   0.0000000e+00
   1.6000000e+02   6.4000000e+01   7.5000000e+01   1.3515278e+03   0.0000000e+00
   1.6000000e+02   6.4000000e+01   7.0000000e+01   1.2501713e+03   0.0000000e+00
   1.6000000e+02   8.0000000e+01   1.0000000e+02   2.4019595e+02   0.0000000e+00
   1.6000000e+02   8.0000000e+01   9.5000000e+01   2.4019595e+02   0.0000000e+00
   1.6000000e+02   8.0000000e+01   9.0000000e+01   3.2813022e+02   0.0000000e+00
   1.6000000e+02   8.0000000e+01   8.5000000e+01   1.2254911e+03   0.0000000e+00
   1.6000000e+02   8.0000000e+01   8.0000000e+01   1.2591875e+03   0.0000000e+00
   1.6000000e+02   8.0000000e+01   7.5000000e+01   1.2677264e+03   0.0000000e+00
   1.6000000e+02   8.0000000e+01   7.0000000e+01   1.2500762e+03   0.0000000e+00
   1.6000000e+02   9.6000000e+01   1.0000000e+02   2.3962634e+02   0.0000000e+00
   1.6000000e+02   9.6000000e+01   9.5000000e+01   2.3962634e+02   0.0000000e+00
   1.6000000e+02   9.6000000e+01   9.0000000e+01   3.2775463e+02   0.0000000e+00
   1.6000000e+02   9.6000000e+01   8.5000000e+01   1.2393828e+03   0.0000000e+00
   1.6000000e+02   9.6000000e+01   8.0000000e+01   1.2489144e+03   0.0000000e+00
   1.6000000e+02   9.6000000e+01   7.5000000e+01   1.2525013e+03   0.0000000e+00
   1.6000000e+02   9.6000000e+01   7.0000000e+01   1.2500115e+03   0.0000000e+00
   1.6000000e+02   1.1200000e+02   1.0000000e+02   2.3994246e+02   0.0000000e+00
   1.6000000e+02   1.1200000e+02   9.5000000e+01   2.3994246e+02   0.0000000e+00
   1.6000000e+02   1.1200000e+02   9.0000000e+01   3.2837241e+02   0.0000000e+00
   1.6000000e+02   1.1200000e+02   8.5000000e+01   1.2490050e+03   0.0000000e+00
   1.6000000e+02   1.1200000e+02   8.0000000e+01   1.2496490e+03   0.0000000e+00
   1.6000000e+02   1.1200000e+02   7.5000000e+01   1.2499811e+03   0.0000000e+00
   1.6000000e+02   1.1200000e+02   7.0000000e+01   1.2500001e+03   0.0000000e+00
   1.6000000e+02   1.2800000e+02   1.0000000e+02   2.3999999e+02   0.0000000e+00
   1.6000000e+02   1.2800000e+02   9.5000000e+01   2.3999999e+02   0.0000000e+00
   1.6000000e+02   1.2800000e+02   9.0000000e+01   3.2846717e+02   0.0000000e+00
   1.6000000e+02   1.2800000e+02   8.5000000e+01   1.2500000e+03   0.0000000e+00
   1.6000000e+02   1.2800000e+02   8.0000000e+01   1.2500000e+03   0.0000000e+00
   1.6000000e+02   1.2800000e+02   7.5000000e+01   1.2500001e+03   0.0000000e+00
   1.6000000e+02   1.2800000e+02   7.0000000e+01   1.2500000e+03   0.0000000e+00
   1.6000000e+02   1.4400000e+02   1.0000000e+02   2.3999998e+02   0.0000000e+00
   1.6000000e+02   1.4400000e+02   9.5000000e+01   2.3999998e+02   0.0000000e+00
   1.6000000e+02   1.4400000e+02   9.0000000e+01   3.2846718e+02   0.0000000e+00
   1.6000000e+02   1.4400000e+02   8.5000000e+01   1.2500001e+03   0.0000000e+00
   1.6000000e+02   1.4400000e+02   8.0000000e+01   1.2500001e+03   0.0000000e+00
   1.6000000e+02   1.4400000e+02   7.5000000e+01   1.2500001e+03   0.0000000e+00
   1.6000000e+02   1.4400000e+02   7.0000000e+01   1.2500001e+03   0.0000000e+00
   1.6000000e+02   1.6000000e+02   1.0000000e+02   2.3999998e+02   0.0000000e+00
   1.6000000e+02   1.6000000e+02   9.5000000e+01   2.3999998e+02   0.0000000e+00
   1.6000000e+02   1.6000000e+02   9.0000000e+01   3.2846722e+02   0.0000000e+00
   1.6000000e+02   1.6000000e+02   8.5000000e+01   1.2500001e+03   0.0000000e+00
   1.6000000e+02   1.6000000e+02   8.0000000e+01   1.2500001e+03   0.0000000e+00
   1.6000000e+02   1.6000000e+02   7.5000000e+01   1.2500001e+03   0.0000000e+00
   1.6000000e+02   1.6000000e+02   7.0000000e+01   1.2500001e+03   0.0000000e+00
